3 0.5126785714285714 0.8314285714285714 0.05678571428571431 0.2380952380952381
3 0.4623214285714286 0.779047619047619 0.04178571428571431 0.14095238095238116
2 0.6387712625329012 0.4627228033967335 0.06040919120276115 0.1524731300590956
0 0.7614541261483854 0.2983169935938826 0.011186887259770658 0.019887799572925465
2 0.7463518283476952 0.3125699166211459 0.04512044528107495 0.11866387078512222
2 0.8267109684970473 0.3546657590505049 0.03952700165118955 0.14982142344937213
2 0.9395908087972387 0.6161903234344753 0.05295126636291414 0.20484433560113266
2 0.9832196691103441 0.49222303942990636 0.03356066177931183 0.2035184822962711
2 0.11626702348935267 0.5490059338143601 0.04839541079252243 0.1893847511772423
2 0.1808926025354649 0.3729987758643192 0.05488747809395837 0.16158034172462774
2 0.08601989174402615 0.31843917995730203 0.04101806158634523 0.12800520578184788
2 0.050461068570252045 0.3242099064474673 0.038362215872121436 0.13115287477648355
0 0.03290297745955031 0.30794694997518335 0.013279228571118967 0.019935236966025515
