1 0.1648715824357912 0.18926631685538062 0.03811101905550954 0.06333425388934916
3 0.19842584921292464 0.20546810273405136 0.03231151615575808 0.113412501150695
2 0.1975973487986744 0.2540734603700635 0.028997514498757225 0.1193040596520298
2 0.32062966031483014 0.24449967780539444 0.03645401822700908 0.12666850777869829
2 0.3566694283347141 0.3777961888980944 0.027340513670256784 0.15465341066003865
2 0.39519469759734877 0.3115161557580779 0.03148301574150786 0.13992451440670167
2 0.46396023198011604 0.4875264659854552 0.06628003314001653 0.18558409279204638
2 0.5389395194697596 0.6841572309675044 0.08864954432477187 0.25775568443339775
2 0.6101905550952775 0.4691153456687839 0.0637945318972659 0.20178587867071707
2 0.6474730737365368 0.32256282794808067 0.03728251864125923 0.1502347417840376
3 0.7419221209610606 0.6245052011414896 0.04722452361226189 0.24155389855472706
2 0.78003314001657 0.4411304427874436 0.048881524440762124 0.18411120316671273
2 0.8645401822700911 0.35275706526742157 0.048881524440762124 0.16054496916137342
