1 0.31980115990057995 0.14581607290803647 0.03976801988400993 0.06775292276535028
3 0.3272576636288318 0.24597256743072818 0.04308202154101075 0.15318052103470495
3 0.8881524440762221 0.7062505753475099 0.05633802816901408 0.3137254901960784
2 0.3714210399740761 0.5725074078763229 0.08951144176660562 0.2908264468125729
2 0.42209274695114885 0.30545922401068987 0.03858251800284734 0.14084048053187498
2 0.437268537365602 0.3758794642766274 0.044241287309931536 0.19022610357551945
2 0.4794520903820484 0.22589349799592942 0.04321242016318891 0.1426695776816396
2 0.7821962483110565 0.3754221899891863 0.043726853736560115 0.20211523504898943
2 0.6685064285959998 0.3992004529361261 0.05813099379095668 0.1691914863532264
2 0.5398980352531758 0.28625370393816146 0.04475572088330281 0.1573023548797564
2 0.5535305249475151 0.32009200120880676 0.05864542736432789 0.16096054917928573
2 0.5936563436704763 0.329694761245071 0.03909695157621854 0.18748245785087256
0 0.688826554744166 0.30088648113627836 0.018519608641366717 0.027436457246469138
