1 0.014498757249378625 0.2187241093620547 0.02899751449875725 0.060388474638681765
2 0.1391880695940348 0.34391972751541927 0.03976801988400995 0.13403295590536682
2 0.14208782104391052 0.5140384792414618 0.07870753935376967 0.1885298720427137
2 0.555073825667629 0.3296947612450709 0.044241287309931536 0.1216349604593465
2 0.5553310424543147 0.4243505387453895 0.033438182269134205 0.16278964632905024
2 0.5964857283240184 0.47144979035182827 0.049900056617015805 0.2002861378992248
2 0.7207214362931873 0.4357823959314183 0.03703921728273204 0.18016606925181386
2 0.774479744710487 0.4426415102430356 0.05298665805724354 0.16827693777834404
2 0.8470148785558398 0.5112326533592085 0.0828238053127788 0.21217526937269468
3 0.8274664027677306 0.3109465154599837 0.04578458803004523 0.13535318908258115
