3 0.09983429991714995 0.29163214581607294 0.028997514498757246 0.16790941728804196
1 0.671913835956918 0.14876185215870386 0.03645401822700919 0.07069870201601766
0 0.9859154929577465 0.3932615299640983 0.019884009942005038 0.038295130258676265
2 0.8893951946975974 0.646598545521495 0.040596520298260115 0.21798766454938792
2 0.8947804473902238 0.4072539814047685 0.03976801988400993 0.172328086164043
2 0.47597348798674405 0.2334530056153917 0.033968516984258554 0.15170763140937127
2 0.5513670256835129 0.24597256743072812 0.028997514498757225 0.16790941728804196
2 0.5641792999163008 0.31387307089960703 0.02716209267400437 0.17303259036773205
2 0.6634907012556277 0.3229271017909396 0.03904550821888417 0.15492452858506153
2 0.6900869169989258 0.4366054896488123 0.033386738911797095 0.20723670706833025
2 0.6991409478902605 0.4129644089881047 0.041309015941715044 0.22031475168914721
2 0.784871302892587 0.383287307733174 0.04753366217950798 0.22333276198625884
2 0.7495039947233104 0.509540738495676 0.05262655455588373 0.22031475168914716
