1 0.31814415907207955 0.1494982969713707 0.046396023198011636 0.06333425388934916
3 0.3115161557580779 0.27322102549940164 0.04473902236951119 0.1723280861640431
2 0.21541010770505387 0.5236122618061309 0.06959403479701741 0.20767743717205187
2 0.8649544324772163 0.48679002117278836 0.08947804473902238 0.2253521126760563
2 0.8285004142502072 0.6031483015741508 0.0861640430820215 0.26070146368406527
2 0.7245236122618062 0.38221485777409553 0.06545153272576641 0.2194605541747215
2 0.6097763048881525 0.503728251864126 0.10604805302402653 0.22977078155205738
2 0.5695940347970173 0.33140016570008285 0.07373653686826842 0.13550584553070052
2 0.5269262634631318 0.281321918438737 0.029826014913007487 0.1620178587867072
2 0.38318144159072076 0.48163490748412047 0.07705053852526923 0.2003129890453834
2 0.4635459817729909 0.4374482187241094 0.07207953603976805 0.18263831354137905
0 0.415907207953604 0.2945779250667403 0.01657000828500415 0.03240357175734143
2 0.39395194697597347 0.3100432661327442 0.0704225352112676 0.13108717665469946
