3 0.795360397680199 0.8181901868728713 0.08450704225352113 0.32845438644941555
3 0.29991714995857494 0.2636472429347326 0.03148301574150786 0.1620178587867072
1 0.3227674112431515 0.13944969949329813 0.045567522783761444 0.07806315014268618
2 0.23243044178684932 0.36124668707851026 0.03647801702087374 0.18374112277180837
2 0.2607242883222707 0.3816161780645253 0.03881635144528875 0.18290971497646097
2 0.2721821270019041 0.42983783019468313 0.03460734948134174 0.22614292033453348
2 0.3044511420588309 0.4660040692923016 0.057055359955725644 0.24027685285544187
2 0.3416306594070291 0.2801844270321243 0.028527679977862874 0.12803680048352267
0 0.33391415580645967 0.12096983422306849 0.018706675395319863 0.0324249040185544
2 0.357999000377934 0.37039217282733333 0.0341396825964587 0.16046170450207703
2 0.3774071761005783 0.31302503494835243 0.04209001963946975 0.1737642292276379
2 0.44030837211734136 0.3483598662506233 0.06219969568943867 0.19122379292993635
2 0.4730450540591512 0.27976872313445045 0.023851011129032783 0.17376422922763787
2 0.495960731418418 0.3259118557762395 0.030398347517394838 0.16794437466020506
