3 0.11971830985915494 0.30120592838074195 0.028997514498757263 0.1634907484120408
3 0.9888152444076223 0.4779526834207861 0.022369511184755594 0.2253521126760564
2 0.46633403426108033 0.6159484651832324 0.05092892376375836 0.24052627519404624
2 0.37142103997407616 0.311861064034866 0.04012581872296117 0.16644784062857954
0 0.5941707772438475 0.20485888077363634 0.01749074149462416 0.025607360096704498
1 0.6728791139696559 0.15730235487975647 0.0401258187229611 0.06584749739152597
2 0.5658769307084262 0.5208354133954727 0.06481863024478343 0.21308981794757698
2 0.8639911864770926 0.3937131614868323 0.049900056617015735 0.18016606925181403
2 0.7652199403898036 0.4024013729482142 0.04784232232353034 0.2030297836238717
2 0.7348683595608972 0.4101750358347138 0.0653330638181545 0.2222353036964001
2 0.6867688204506809 0.4517869959918587 0.04835675589690183 0.22863714372057625
2 0.6432991835008065 0.3749649157017458 0.054015525203986205 0.19571339502481191
2 0.5933991268837906 0.3196347269213657 0.04475572088330274 0.20943162364804785
2 0.5771944693225948 0.32878021267018864 0.046299021603416576 0.18016606925181405
