3 0.17191383595691798 0.4705882352941177 0.06213753106876551 0.18411120316671264
3 0.9092792046396023 0.3777961888980944 0.05385252692626352 0.17527386541471052
2 0.4925434962717482 0.6473349903341618 0.062137531068765454 0.2548099051827304
2 0.6159900579950289 0.40430820215410107 0.05385252692626338 0.16643652766270825
2 0.5401822700911351 0.4264015465341066 0.029826014913007414 0.16054496916137354
2 0.5099420049710024 0.4669060112307834 0.052195526097763005 0.15318052103470492
1 0.34134217067108535 0.2003129890453834 0.03976801988401 0.0765902605173525
0 0.284213920494803 0.3238711275512955 0.014880309973549935 0.024942233860426485
2 0.3037708993171828 0.36619734258717074 0.03868880593122974 0.1609907821900255
2 0.44066975107384193 0.36392986678167744 0.021682737390029915 0.16703738433800772
2 0.35330107394342747 0.30308593266760675 0.028910316520039815 0.0906990322197327
2 0.37987305603905225 0.3692206436611618 0.01913182710884989 0.15192087896805234
2 0.36159153235726244 0.401721130206566 0.023383344244149812 0.14587427682007004
2 0.3422471293916476 0.4410240441684502 0.031461226801219835 0.1942470940039275
