3 0.9374482187241093 0.4138819847187702 0.03231151615575811 0.1885298720427138
3 0.1296603148301574 0.3336095001380833 0.06048053024026512 0.14581607290803641
1 0.716238608119304 0.1900027616680475 0.03396851698425863 0.061861364264015443
2 0.30488815244407624 0.5898922949461475 0.04971002485501248 0.18411120316671264
2 0.2618061309030654 0.4175642087821043 0.04308202154101078 0.13697873515603426
2 0.2883181441590721 0.38221485777409553 0.051367025683512785 0.14581607290803647
2 0.35418392709196356 0.3446561723280862 0.05716652858326434 0.15907207953603975
2 0.4415907207953604 0.3785326337107613 0.04805302402651208 0.14728896253337012
2 0.5604805302402651 0.30415170763140936 0.04225352112676056 0.13108717665469946
2 0.5936205468102734 0.380005523336095 0.033968516984258484 0.1443431832827028
2 0.6263463131731565 0.4109362054681027 0.03976801988401 0.1472889625333702
2 0.6826843413421707 0.4345024394734419 0.034797017398508816 0.1472889625333702
0 0.7854677907466694 0.34276675926373984 0.01488030997354997 0.027965534934417634
2 0.7654856602107597 0.3680869057584152 0.056545177899489686 0.19651456980942084
