1 0.7386081193040596 0.212096106048053 0.028997514498757225 0.05007824726134587
3 0.972245236122618 0.4499677805394458 0.045567522783761374 0.19294854091871486
2 0.7551781275890638 0.6222958667034889 0.055509527754763886 0.1958943201693823
2 0.35625517812758906 0.39105219552609777 0.0331400165700083 0.15465341066003868
2 0.4589892294946148 0.3638037374574242 0.026512013256006595 0.14434318328270276
2 0.46354598177299083 0.43892110834944303 0.04225352112676056 0.1561263002853724
2 0.6052195526097762 0.2548099051827304 0.028997514498757225 0.10310227377335916
2 0.6184755592377796 0.32992727607474914 0.03065451532725767 0.14434318328270276
2 0.655758077879039 0.3365552793887508 0.03231151615575811 0.1517076314093713
2 0.7166528583264292 0.46837890085611705 0.03645401822700919 0.20325876829605072
