3 0.14291632145816074 0.38516063702476294 0.043910521955261 0.1664365276627083
0 0.38359569179784586 0.4374482187241094 0.02154101077050534 0.038295130258676195
2 0.3806959403479702 0.4529135597901133 0.027340513670256784 0.14876185215870386
2 0.47473073736536875 0.4499677805394458 0.04805302402651201 0.15170763140937132
1 0.8703396851698426 0.21577833011138728 0.035625517812758856 0.057442695388014366
2 0.6360382468398078 0.37816583571383305 0.025207245095193755 0.11980586330958197
2 0.6532717715477462 0.4179486987212134 0.04115468586970373 0.1573023548797564
2 0.7342950593537253 0.2588172466916923 0.024178377948450843 0.10791673183611201
2 0.7399538286608096 0.30957469259766024 0.027264979388678796 0.10517308611146507
2 0.7417543461676093 0.363075784228275 0.052472224483872336 0.11523312043517045
2 0.8148039135863334 0.5139762990838554 0.04424128730993147 0.18473881212622564
2 0.7700481927030305 0.5862256364995575 0.07304956741872402 0.17742242352716717
2 0.7497280665548642 0.45773156172859364 0.05298665805724369 0.14724232055605113
