1 0.7017398508699254 0.21504188529872043 0.0331400165700083 0.061861364264015464
0 0.07995028997514496 0.40872687103010164 0.045567522783761485 0.16349074841204064
3 0.8802816901408451 0.42050998803277184 0.0306545153272576 0.17527386541471052
2 0.2336371168185584 0.44407622203811103 0.02816901408450704 0.1487618521587038
0 0.3737359910542469 0.6763086711254644 0.019034042214737992 0.03383829727064537
2 0.3487859627457391 0.6703641053887296 0.06790523168501117 0.1719351320778734
2 0.42595099875143355 0.6214357566325261 0.07716503600569453 0.17102058350299104
2 0.40177262080298265 0.4261796358951541 0.05041449019038701 0.1536441605802272
2 0.5437562870534605 0.26704818386563306 0.024692811521822264 0.11889131473469966
2 0.5982862458308178 0.34295571558086435 0.03498148298924818 0.1463277719811688
2 0.624522358072754 0.3219210983585714 0.01749074149462416 0.12254950903422887
2 0.6386692813404647 0.35941758992874584 0.0354959165626196 0.1390113833821104
2 0.6829105686503962 0.5304381734317369 0.05092892376375815 0.19388429787504863
2 0.7791096468708286 0.602687510847439 0.04372685373656026 0.20668797792340102
