3 0.03976801988400994 0.32698149682408173 0.041425020712510356 0.182638313541379
3 0.8674399337199667 0.38295130258676235 0.03148301574150778 0.21798766454938787
1 0.6636288318144159 0.1664365276627083 0.039768019884010075 0.06775292276535028
2 0.33968516984258484 0.394734419589432 0.029826014913007487 0.17380097578937687
2 0.7406793703396852 0.6384976525821596 0.07125103562551771 0.21651477492405413
2 0.724109362054681 0.42124643284543867 0.0331400165700083 0.20915032679738566
2 0.6574150787075393 0.3630672926447574 0.040596520298260046 0.1723280861640431
2 0.6151615575807788 0.4057810917794347 0.03562551781275893 0.1900027616680475
2 0.6101905550952775 0.5066740311147933 0.05882352941176478 0.21504188529872045
2 0.5762220381110191 0.39988953327809995 0.04059652029826019 0.20473165792138445
2 0.4270919635459818 0.3446561723280861 0.045567522783761374 0.1413974040320354
2 0.39353769676884837 0.296050814692074 0.03148301574150786 0.13550584553070052
0 0.3463131731565866 0.24965479149406242 0.018227009113504593 0.04860535763601209
2 0.3661971830985915 0.2783761391880696 0.024855012427506224 0.15907207953603972
