1 0.7928748964374484 0.22829789192672373 0.029826014913007414 0.0500782472613459
3 0.804059652029826 0.330663720887416 0.035625517812758856 0.15170763140937119
2 0.7141673570836786 0.6245052011414896 0.05965202982601497 0.20325876829605086
2 0.4005799502899752 0.4477584461014452 0.03728251864125937 0.16790941728804198
2 0.48218724109362054 0.3122526005707447 0.03148301574150793 0.10899383227469396
2 0.6006628003314002 0.5029918070514591 0.04805302402651201 0.19000276166804753
2 0.547638773819387 0.4087268710301022 0.03645401822700912 0.14581607290803647
2 0.6851698425849213 0.3534935100800884 0.02154101077050541 0.14728896253337015
2 0.5861640430820216 0.3417103930774188 0.02568351284175641 0.14434318328270274
2 0.6089478044739023 0.2989965939427415 0.019884009942004895 0.10604805302402656
2 0.6685998342999173 0.2820583632514039 0.019884009942004895 0.1104667219000276
