3 0.08740679370339684 0.2945779250667403 0.03728251864125932 0.16790941728804198
3 0.9552609776304888 0.41240909509343643 0.0331400165700083 0.21209610604805296
1 0.6731565865782934 0.15023474178403756 0.04225352112676063 0.07069870201601768
2 0.20132560066280036 0.3534935100800884 0.03645401822700908 0.15023474178403753
2 0.3044739022369511 0.3321366105127497 0.03562551781275882 0.16349074841204086
2 0.40688636268316325 0.4912086900487864 0.04326734011363245 0.19884009942004874
2 0.5390923727560362 0.3401213708239976 0.02635940623885979 0.1677932096065055
0 0.574167389122261 0.24602112489602493 0.018281523681789907 0.029477185471413137
2 0.5745925408357909 0.3820696732256239 0.0352875922229898 0.23203835742881615
2 0.6241227154620356 0.358639089902193 0.051018205623599544 0.23808495957679834
2 0.5986136126502357 0.23657330903980273 0.03401213708239972 0.11337379027466582
