3 0.053852526926263466 0.4669060112307834 0.04473902236951119 0.1708551965387094
2 0.32187241093620544 0.40430820215410107 0.032311516155758044 0.15465341066003874
1 0.2746478873239437 0.2069409923593851 0.03396851698425845 0.05449691613734697
2 0.3736536868268434 0.4742704593574518 0.03976801988400993 0.1649636380373746
2 0.4295774647887324 0.34391972751541927 0.0306545153272576 0.14876185215870386
2 0.5260977630488815 0.6164043082021542 0.05302402651201319 0.20767743717205187
2 0.7344656172328087 0.5103562551781277 0.04225352112676063 0.12519561815336466
2 0.459817729908865 0.28942281137807235 0.023198011599005853 0.1075209426493602
2 0.5045567522783762 0.30415170763140936 0.028169014084507112 0.12224983890269722
2 0.5095277547638773 0.2665930221854 0.026512013256006668 0.08248181901868723
0 0.9168160911858614 0.5246307899812342 0.018108061782669722 0.0412461407271919
2 0.9456758146519908 0.5492778740743123 0.05432418534800874 0.18711663842091952
2 0.9564274763354511 0.6996753872137071 0.08714504732909774 0.25451886838974547
