3 0.8425849212924607 0.39694375402743254 0.038111019055509704 0.1900027616680475
1 0.6570008285004143 0.20178587867071712 0.03811101905550949 0.05596980576268063
3 0.08657829328914664 0.34023750345208503 0.0455675227837614 0.15023474178403756
0 0.3396851698425849 0.34391972751541927 0.01657000828500415 0.030930682132007732
2 0.3475559237779619 0.4948909141121237 0.05882352941176475 0.17085519653870931
2 0.7522783761391881 0.5788456227561447 0.08947804473902238 0.22977078155205752
2 0.6735708367854184 0.48163490748412047 0.03645401822700919 0.182638313541379
2 0.6710853355426678 0.3888428610880972 0.02816901408450704 0.1266685077786983
2 0.6101905550952775 0.3674859615207586 0.040596520298260115 0.1517076314093713
2 0.447804473902237 0.40651753659210166 0.05219552609776308 0.13550584553070052
2 0.352112676056338 0.3365552793887508 0.03811101905550956 0.1016293841480254
2 0.3964374482187242 0.3365552793887508 0.0372825186412593 0.1369787351560343
2 0.4374482187241094 0.29310503544140665 0.03811101905550956 0.10899383227469393
2 0.47970173985087 0.3093068213200773 0.03645401822700912 0.13550584553070052
