1 0.6512013256006628 0.197367209794716 0.03479701739850867 0.05302402651201327
3 0.4072079536039768 0.8549663997054222 0.062137531068765524 0.29006720058915575
3 0.6669428334714168 0.2989965939427415 0.0331400165700083 0.14728896253337015
0 0.2593206296603148 0.4772162386081193 0.019884009942004965 0.035349351008008865
2 0.28044739022369514 0.4948909141121237 0.04059652029826015 0.17085519653870931
2 0.3550124275062137 0.4963638037374574 0.050538525269262564 0.18852987204271388
2 0.49642839830330104 0.300969621915813 0.024786344898798874 0.1330252472556079
2 0.5413244192520686 0.27353316466934385 0.020109676049968998 0.0764895171719746
2 0.5298665805724352 0.35043838573899216 0.021512676704617918 0.15547325772999168
2 0.556991259895649 0.37829054688313507 0.025254011783681918 0.14632777198116875
2 0.5553544257985585 0.5541332955991418 0.06407036322897057 0.21866025017640553
2 0.5761656021758519 0.5154728331154808 0.0411546858697038 0.20452631765549717
2 0.7183363351802828 0.5321009890224317 0.039284018330171616 0.19787505529271676
2 0.764401523341258 0.5923780541851291 0.036945683905756824 0.20203209426945462
