3 0.06917978458989231 0.37043174077142593 0.05053852526926264 0.17821964466537785
1 0.6685998342999171 0.18484764797937955 0.03976801988400979 0.06333425388934914
3 0.8641259320629661 0.4013624229034336 0.034797017398508816 0.20178587867071707
2 0.23943661971830985 0.6333425388934917 0.041425020712510335 0.2091503267973856
0 0.24730737365368682 0.6635367762128326 0.02568351284175641 0.03387646138267513
2 0.256006628003314 0.34097394826475186 0.028169014084507074 0.14581607290803641
2 0.33471416735708365 0.582527846819479 0.05468102734051367 0.22829789192672373
2 0.40430820215410107 0.37043174077142593 0.03479701739850867 0.1752738654147105
2 0.5294117647058824 0.24670901224339503 0.02154101077050541 0.13697873515603423
2 0.5865782932891467 0.3358188345760839 0.0414250207125103 0.15612630028537236
2 0.6589854129119339 0.4181225498325557 0.04888152444076219 0.20473165792138442
2 0.702716261225191 0.3726785442645392 0.03498148298924832 0.17650787495228484
2 0.7376977442144395 0.3895976928998619 0.02777941296205 0.14998596628069802
2 0.7647055068164323 0.4142905044216842 0.043726853736560115 0.17742242352716708
