3 0.10066280033140015 0.3063610420694099 0.05219552609776303 0.12666850777869837
0 0.8256006628003314 0.4772162386081193 0.014084507042253449 0.0324035717573414
1 0.9830157415078707 0.21062321642271933 0.033968516984258484 0.06775292276535026
2 0.16590482741224313 0.46413340175276985 0.045784588030045405 0.18382426355134343
2 0.20963168114880332 0.4613897560281229 0.032409315122391716 0.161875097754168
2 0.4321242016318891 0.30545922401068987 0.02880828010879263 0.13535318908258115
2 0.47096393642142204 0.3214638240711302 0.043726853736560115 0.14907141770581567
2 0.5149480069446679 0.26750545815307425 0.03703921728273343 0.12163496045934657
2 0.6499868199546331 0.40423047009797886 0.03446704941587683 0.1573023548797564
2 0.7508158003354073 0.36353305851571627 0.05813099379095661 0.13992593195699274
2 0.7212358698665579 0.5222072362577961 0.04835675589690197 0.1792515206769317
2 0.810232878059792 0.45773156172859364 0.029837147255535258 0.14724232055605113
2 0.8436710603289264 0.48425347040018046 0.04115468586970394 0.1655332920536972
