3 0.27416737292823246 0.29123799367127 0.028859723466129736 0.10563036039890622
1 0.27416737292823246 0.22182375683770303 0.033386738911797095 0.06740222996882586
2 0.3497119431778073 0.6171831057593233 0.046401908318091004 0.21629073795966497
2 0.3157593273353017 0.5216127796841225 0.030557354258254996 0.17001458007062042
2 0.35678540481166265 0.47181560978178105 0.04583603138738255 0.1649845629087679
2 0.34292142000930625 0.39535934892162033 0.02489858495117076 0.14285248739661605
2 0.5800238539761368 0.47382761664652207 0.05092892376375822 0.1207204118844642
0 0.7192295789304094 0.4833846492540422 0.014712800198419132 0.029174099538745536
2 0.40035792847621154 0.2877169816579731 0.032254985050380325 0.11267238442549996
2 0.42695414421950745 0.3365081481279441 0.025464461881879216 0.1317864496405401
2 0.5090062991722293 0.30129802799497535 0.032254985050380325 0.11569039472261153
2 0.7385648580127071 0.5180917676708257 0.04187489287242343 0.18711663842091958
2 0.8092994743512604 0.64836921216281 0.08940855505193156 0.2605548889839687
3 0.9603886148504078 0.8058087493287949 0.0792227702991844 0.2736329336047843
