1 0.23239436619718312 0.1634907484120409 0.04059652029826015 0.06186136426401548
3 0.28914664457332223 0.2555463499953972 0.034797017398508705 0.15759918991070607
0 0.1552654057811549 0.34960697794364465 0.01590067408602188 0.027436457246469103
2 0.15409623856894739 0.33713586101343146 0.028527679977862805 0.13551947064165065
2 0.1996937598450396 0.4315006457853784 0.05144335733712964 0.16461874347881483
2 0.2345349427688228 0.4614313264178901 0.05097569045224663 0.1729328214322904
2 0.38792968101044567 0.37829054688313507 0.06968236584756646 0.16628155906950998
2 0.5534837582590266 0.3209234090041542 0.030398347517394626 0.10808301339518142
2 0.5286974133602278 0.4693297004736918 0.06594103076850245 0.21200898781362518
2 0.5906632756072245 0.39866003786914994 0.04302535340923562 0.177089860409028
2 0.6521614709693343 0.4123782664923818 0.08371237239405115 0.20120068647410352
2 0.6818583181594093 0.5670201164270289 0.08324470550917326 0.22281728915314317
2 0.7777300295604235 0.5408307708735811 0.1019513809044932 0.2352884060833564
