2 0.01284175642087821 0.24449967780539444 0.02568351284175642 0.0972107152720243
2 0.05675227837613919 0.22093344380005525 0.02568351284175642 0.0883733775200221
2 0.12261806130903065 0.3564392893307558 0.03976801988400993 0.1266685077786984
2 0.33471416735708365 0.5376047132468011 0.03976801988400993 0.1649636380373746
2 0.49378624689312345 0.3210899383227469 0.04473902236951119 0.12666850777869837
2 0.5086992543496272 0.4057810917794347 0.03976801988400993 0.16349074841204092
3 0.8989229494614748 0.3814784129614287 0.06959403479701734 0.15612630028537233
2 0.6823685002156452 0.3556157888282019 0.041664867925939576 0.13226942198711011
2 0.6798175899344653 0.4270412767012414 0.05186850905065967 0.16476990853251436
2 0.7348747368365999 0.408523557623046 0.04464092992064963 0.13226942198711014
2 0.7365753436907199 0.438000743094459 0.028485164806509856 0.1504092284310567
