3 0.37406793703396857 0.3232992727607475 0.0372825186412593 0.13992451440670162
1 0.8666405193799546 0.21679373967585036 0.037913754357464455 0.051306175050897275
2 0.5341878225887542 0.4169884227175869 0.046401908318090934 0.11770240158735262
2 0.6001124850162859 0.4376114930811829 0.042440769803131884 0.1448644942613572
2 0.5992636696202233 0.29777701598167844 0.03282086198108878 0.11468439129024102
2 0.6671689013052344 0.6131590920298413 0.04300664673384034 0.20421869677121868
2 0.7381864561091419 0.5196007728193816 0.034518492773214005 0.17202658693536158
2 0.8785239349248316 0.5170857642384551 0.05489006227871755 0.19717667274462486
2 0.8086381339823409 0.4748336200788927 0.037347877426756215 0.20321269333884814
2 0.7571433332878738 0.3661852493828748 0.029425600396838263 0.15693653544980343
2 0.683862270761133 0.34355017215453776 0.031123231188963416 0.12776243591105793
2 0.7166831327422216 0.2751419387533414 0.018673938713377965 0.11367838785787047
