2 0.26142857142857145 0.4476190476190476 0.036428571428571456 0.14857142857142855
1 0.13446428571428573 0.22761904761904758 0.035357142857142865 0.0628571428571428
2 0.3519642857142857 0.518095238095238 0.03964285714285715 0.18666666666666665
3 0.2925 0.2885714285714286 0.042857142857142885 0.12761904761904763
2 0.5046428571428572 0.4066666666666666 0.025714285714285766 0.14666666666666672
2 0.5807142857142857 0.33333333333333337 0.027857142857142848 0.13333333333333333
0 0.6083920177902827 0.6120510184440242 0.01929291253790943 0.04139475487061034
2 0.5881011959831711 0.6729604434679222 0.042577462152627775 0.2199835544552433
2 0.5634861006761831 0.5292615087028035 0.03725527938354936 0.17622338502059834
2 0.5415320967537345 0.46716937639688794 0.03725527938354936 0.16084819035437156
2 0.6582874812503934 0.40744265865500734 0.03392891515287531 0.1549346539442844
2 0.7467687697863229 0.35836030645128375 0.04324273499876242 0.15611736122630185
2 0.8026516888616471 0.38260580573264114 0.055217646229189225 0.1525692393802495
