1 0.34676372403560835 0.25 0.03421735905044514 0.05489614243323441
3 0.08220511869436202 0.5586053412462908 0.06760014836795253 0.2091988130563798
3 0.8137054896142434 0.39910979228486654 0.036721068249258054 0.1483679525222552
3 0.3354970326409495 0.37388724035608306 0.031713649851632046 0.12759643916913951
2 0.228254821958457 0.5459940652818991 0.047570474777448093 0.24332344213649848
2 0.5082753629040999 0.5653625636068947 0.05301207920442913 0.2421961659232222
2 0.4621035519841135 0.49442644806452835 0.046171810919986594 0.18139378117262248
2 0.4489930377722654 0.37180830548415217 0.019950782496290457 0.11653790410531613
2 0.4418677583093046 0.41436997480957194 0.021660849567401143 0.1347786195304961
2 0.49687491576336273 0.3824487228155071 0.02679105078073299 0.14592572340143942
2 0.5259460559722433 0.36674144008826887 0.024510961352585455 0.12869838105543607
2 0.5524520955744576 0.3849821555134487 0.027361073137769906 0.1327518733721427
2 0.6390954938440623 0.44679791334322516 0.04902192270517091 0.16315306574744262
2 0.7177585791151507 0.4199435267450437 0.04902192270517105 0.156059454193206
