3 0.740263353115727 0.5778931750741839 0.053412462908011805 0.24777448071216612
3 0.025871661721068254 0.39688427299703266 0.036721068249258165 0.19436201780415427
2 0.31398338922733504 0.4099554729396496 0.031563221422702764 0.12813725711903254
2 0.5909859891758318 0.410374222145921 0.03910070713558717 0.1607996952081976
1 0.5756754713215355 0.2453870348750099 0.03486087142208973 0.04187492062713478
0 0.41432616778010684 0.30233692692791325 0.014603878568713284 0.023449955551195528
3 0.48263463205312035 0.31908689517876704 0.026852292852150156 0.09044982855461114
2 0.45790225705771903 0.421261701508976 0.03768742856442124 0.12394976505631902
2 0.41409062135157915 0.43340542849084507 0.016959342853989624 0.1499122158451425
2 0.429636685634403 0.42754293960304623 0.022612457138652786 0.17168717457125254
2 0.5050115427632449 0.3622180634247137 0.026381199995096506 0.13316224759428794
2 0.517024410618155 0.3973929967515092 0.03815852142147662 0.15493720632039878
2 0.5384591356141695 0.4078617269082929 0.016017157139879074 0.16582468568345377
2 0.5556540248966868 0.4195867046838906 0.022141364281597548 0.17252467298379537
