1 0.30503523738872407 0.255192878338279 0.03588649851632049 0.05044510385756677
0 0.30628709198813053 0.3219584569732937 0.018360534124629062 0.026706231454005937
3 0.48530229970326416 0.71513353115727 0.09263724035608313 0.2818991097922849
3 0.8308141691394658 0.419139465875371 0.040893916913946525 0.15281899109792285
3 0.23701780415430268 0.40652818991097933 0.041728486646884236 0.1364985163204748
2 0.27499072700296734 0.39688427299703266 0.03588649851632049 0.23887240356083086
2 0.2136498516320475 0.5289317507418397 0.04172848664688427 0.2299703264094955
2 0.17567692878338279 0.5170623145400594 0.04923961424332344 0.2210682492581602
2 0.3154673590504451 0.47032640949554894 0.04339762611275965 0.19584569732937696
2 0.3972551928783383 0.4436201780415431 0.026706231454005903 0.14540059347181006
2 0.4285515578635015 0.45623145400593473 0.029209940652819028 0.17952522255192874
2 0.46109977744807124 0.40875370919881304 0.03254821958456979 0.15281899109792285
2 0.6079840504451038 0.4280415430267063 0.037555637982195834 0.17952522255192868
2 0.5433048961424332 0.6023738872403561 0.05508160237388729 0.24925816023738867
2 0.5015764094955489 0.5504451038575667 0.04673590504451042 0.21068249258160235
