3 0.18235348664688428 0.39169139465875374 0.02754080118694361 0.14836795252225518
1 0.5963000741839762 0.24777448071216618 0.03421735905044507 0.04747774480712166
3 0.6301001483679525 0.5897626112759644 0.06008902077151333 0.25964391691394667
3 0.6359421364985164 0.37091988130563797 0.05174332344213646 0.13353115727002968
2 0.2701883515682844 0.4320472170874389 0.030633599951052658 0.16555758906880008
2 0.2546673275930844 0.465449186811846 0.03390118394583166 0.1844369632608562
0 0.419884543329095 0.4491112668379513 0.013070335979115768 0.022510023075143836
2 0.4023212793571582 0.5231765040529407 0.04002790393604222 0.2054947267827651
2 0.5222007671656109 0.4672645112533898 0.03961945593669483 0.18371083348423867
2 0.5638624630990425 0.46399692725861086 0.034718079944526324 0.1568440317493895
2 0.5908200310559688 0.4647230570352284 0.03226739194844221 0.16555758906880017
2 0.47910950323446344 0.40663267490582483 0.029408255953010567 0.12925110023792286
2 0.44377875129091615 0.40518041535258975 0.031450495949747366 0.13941691711056856
2 0.4135535993392109 0.3982821824747231 0.028182911954968547 0.07769588609807719
2 0.40701843134965243 0.4044542855759719 0.025732223958883374 0.06535167989557876
