1 0.5524851632047478 0.24480712166172103 0.03672106824925819 0.05044510385756677
2 0.2887611275964392 0.4681008902077151 0.05341246290801184 0.17655786350148361
3 0.6472053573782689 0.5916642012527982 0.0684026828444248 0.2478157802713838
2 0.44173820777361444 0.5663298742733817 0.05855684213196966 0.23031206344924138
2 0.5220595399015374 0.48249628317785775 0.034719543564973 0.1842496507593932
3 0.5598882963230752 0.3714858685953233 0.03575594785049468 0.12252601775499641
2 0.3476845188625305 0.45301633905635474 0.04352897999190674 0.16398218917585994
2 0.338875082435597 0.4009658127168262 0.03938336284982032 0.14647847235371755
2 0.2093245467453987 0.379777102879496 0.021764489995953297 0.14832096886131144
2 0.490449209193129 0.4018870609706232 0.029537522137365217 0.1372659898157479
2 0.5303507741857101 0.41017829525479593 0.04922920356227529 0.13542349330815398
