3 0.4268824183976261 0.5867952522255192 0.0943063798219584 0.24777448071216612
3 0.25996847181008903 0.41765578635014833 0.035886498516320524 0.15281899109792285
3 0.7444362017804156 0.41765578635014833 0.03839020771513347 0.18545994065281896
0 0.7135571216617211 0.34643916913946593 0.01669139465875361 0.03115727002967361
1 0.5771849889913503 0.252454809999744 0.03721927012345027 0.05700592483865186
2 0.5894959783398762 0.40947559404192363 0.03779187427919567 0.15116749711678218
2 0.6179830350882092 0.4043857793241868 0.03406994726685056 0.1358980529635719
2 0.6255700401518355 0.4896401758462778 0.04523572830388559 0.18934110749980804
2 0.4394736895345847 0.40794864962660254 0.03550145765621408 0.1501495341732349
2 0.46881965251653585 0.39980494607822364 0.022617864151942727 0.13182620118938254
2 0.47540460030760767 0.430852815856418 0.03177953064386891 0.1766165707054661
2 0.5119081152363761 0.3942061498887132 0.02863020778726934 0.13895194179421394
2 0.5093313965355218 0.4135474458161129 0.030920624410250994 0.14709564534259273
2 0.5381047553617277 0.46368212078582033 0.0329247389553597 0.16185610802402947
2 0.5348122814661916 0.5064365644148091 0.054969998951557034 0.1934129592739975
