2 0.41060830860534125 0.5044510385756676 0.05508160237388722 0.2462908011869436
3 0.6672385014836796 0.5845697329376854 0.08596068249258167 0.19584569732937687
2 0.30211424332344217 0.4599406528189911 0.051743323442136495 0.19881305637982202
1 0.5744270752503393 0.2441307872561959 0.033683139279451664 0.0368499301518786
3 0.6104421241722144 0.3758692875491621 0.030055724280126057 0.13450224505435698
2 0.5666540431089274 0.41732545897002554 0.037828756421537976 0.14555722409992064
2 0.4956603495506988 0.37725115992985747 0.028501117851843675 0.1409509828309358
2 0.5264933770449659 0.3790936564374514 0.03212853285116921 0.13726598981574792
2 0.47467316276888666 0.41502233833553304 0.03938336284982029 0.13542349330815398
2 0.4420264277749567 0.375869287549162 0.033164937136690824 0.12528976251638732
