2 0.3033660979228487 0.41023738872403565 0.029209940652819028 0.14094955489614236
0 0.6751669139465875 0.6135014836795252 0.02336795252225514 0.04005934718100896
3 0.05216060830860535 0.42581602373887245 0.052577893175074185 0.18991097922848665
3 0.7853301186943621 0.5593471810089021 0.051743323442136384 0.24035608308605355
3 0.6163297477744808 0.3649851632047478 0.03588649851632041 0.12462908011869431
1 0.575853115727003 0.2470326409495549 0.03672106824925819 0.04302670623145403
2 0.4097737388724036 0.4043026706231454 0.04840504451038576 0.1913946587537092
2 0.4581787833827893 0.4146884272997033 0.03338278931750743 0.1617210682492582
2 0.5244205684739228 0.41244284322490155 0.027361073137769906 0.15200596187649937
2 0.5552017757539138 0.390148635483015 0.031921251994064835 0.11349778486778618
2 0.5560568092894692 0.5213804492363926 0.054152123918502895 0.20571473507286245
2 0.6065037878872324 0.5011129876528595 0.031921251994064835 0.159099573430736
2 0.6375700063457419 0.5755959089723441 0.05073198977628166 0.20672810815203918
