3 0.06426186943620178 0.6097922848664689 0.06843471810089022 0.2759643916913946
3 0.8024387982195847 0.39465875370919884 0.029209940652819028 0.14836795252225513
1 0.3042006676557864 0.2529673590504451 0.03254821958456972 0.048961424332344204
3 0.297106824925816 0.3805637982195846 0.030044510385756666 0.14391691394658754
0 0.517433234421365 0.5474777448071216 0.020029673590504515 0.04154302670623146
2 0.38223293768546 0.521513353115727 0.03338278931750743 0.20029673590504452
2 0.6901891691394658 0.43026706231454 0.04339762611275958 0.15133531157270036
2 0.5382974777448073 0.43842729970326433 0.030044510385756725 0.1646884272997034
2 0.3889094955489615 0.36869436201780414 0.026706231454005972 0.08160237388724034
2 0.403514465875371 0.43545994065281896 0.03254821958456979 0.12611275964391694
2 0.47653931750741846 0.3597922848664689 0.02169881305637979 0.0786350148367952
2 0.47028004451038574 0.3954005934718101 0.04256305637982195 0.0845697329376855
2 0.4498330860534125 0.5111275964391692 0.04673590504451042 0.1735905044510386
2 0.48864057863501487 0.5311572700296736 0.05591617210682493 0.17507418397626112
