3 0.7340513670256834 0.5589616128141397 0.04971002485501245 0.26070146368406527
3 0.0816072908036454 0.39620730921476577 0.030654515327257662 0.1472889625333702
2 0.29370339685169844 0.46911534566878393 0.03562551781275889 0.18411120316671273
2 0.30695940347970174 0.3696952959587591 0.03562551781275893 0.11488539077602873
2 0.3968516984258493 0.3741139648347602 0.02319801159900571 0.09721071527202435
2 0.40140845070422543 0.45733222866611434 0.04888152444076219 0.15759918991070607
2 0.45443247721623864 0.3976801988400995 0.03562551781275893 0.1767467550400442
2 0.5223695111847556 0.4109362054681027 0.033968516984258484 0.16496363803737452
2 0.5787075393537697 0.4889993556107889 0.032311516155757974 0.19147565129338118
2 0.6350455675227837 0.5309767099327993 0.050538525269262564 0.22829789192672373
2 0.5985915492957747 0.35275706526742145 0.04722452361226182 0.17527386541471043
2 0.6346313173156587 0.3483383963914204 0.0331400165700083 0.14876185215870394
1 0.5430820215410107 0.24449967780539444 0.04225352112676063 0.04418668876001106
0 0.6097763048881525 0.21135966123538616 0.01822700911350452 0.030930682132007767
