3 0.16607937685459942 0.6275964391691394 0.0867952522255193 0.3145400593471809
1 0.3421735905044511 0.2544510385756677 0.036721068249258124 0.05489614243323444
3 0.33382789317507416 0.38427299703264095 0.03338278931750743 0.13946587537091992
0 0.514929525222552 0.3353115727002967 0.01669139465875368 0.02967359050445097
3 0.8131803216831236 0.3963319340002275 0.03824850015717416 0.1382240879996968
2 0.6639484686108702 0.4715748851290947 0.03574040178621203 0.1995331592898848
2 0.5849433699255597 0.42141291770984984 0.040756598528136505 0.10812690754814995
2 0.6137865011916254 0.411937879419548 0.01943776237495726 0.14714177109645135
2 0.43320341848234406 0.3857421853228313 0.024453959116881877 0.12150343219328186
2 0.38304145106309934 0.4921970272903396 0.040756598528136366 0.1649771372899606
2 0.45044659478270943 0.445379191032378 0.03260527882250912 0.20287729045116784
2 0.41658726677471924 0.4749190162903777 0.041383623120876935 0.18169779309637554
2 0.3918197953614672 0.5624237816772824 0.07336187735064556 0.2251714981930543
