1 0.5328727744807121 0.24554896142433236 0.03588649851632041 0.04302670623145399
3 0.7515300445103859 0.5838278931750742 0.04757047477744805 0.25370919881305637
3 0.6926928783382789 0.4206231454005935 0.03004451038575681 0.15578635014836792
2 0.7239892433234423 0.48961424332344217 0.030879080118694446 0.15727002967359055
0 0.1377040059347181 0.3864985163204747 0.016691394658753717 0.025222551928783404
2 0.4197885756676558 0.41023738872403553 0.03338278931750743 0.1884272997032641
2 0.5537370178041544 0.48664688427299707 0.049239614243323473 0.1810089020771513
2 0.5904580860534125 0.5185459940652819 0.04757047477744805 0.20623145400593465
2 0.6200853115727003 0.4517804154302671 0.03505192878338285 0.17359050445103855
2 0.31379821958456977 0.4651335311572701 0.04506676557863507 0.20623145400593473
2 0.2528746290801187 0.42433234421364985 0.06676557863501487 0.142433234421365
2 0.19862759643916914 0.48887240356083084 0.07177299703264098 0.20029673590504443
2 0.13603486646884275 0.41394658753709196 0.030044510385756684 0.14540059347181006
