3 0.2353486646884273 0.6231454005934718 0.06008902077151333 0.2611275964391691
2 0.25704747774480713 0.422106824925816 0.028375370919881283 0.13798219584569738
1 0.30670437685459945 0.25370919881305637 0.03421735905044518 0.06231454005934719
3 0.32786328690193 0.3751524366454352 0.029470155858806208 0.12930640490294215
2 0.6398080217903587 0.46488662280652876 0.04263767230635807 0.19061547619313024
2 0.5031166605729166 0.4715748851290947 0.03135122963702806 0.17500953077380962
2 0.5172247139095791 0.3823980541615484 0.040756598528136435 0.08137385825788591
2 0.4012251642525755 0.4927543824838868 0.05078899201198538 0.17500953077380962
2 0.4654951850084829 0.40190548593569914 0.025080983709622445 0.14714177109645143
2 0.42285751270212524 0.3645626879680392 0.02884313126606538 0.05907965051599946
2 0.4347709799641955 0.4308879560001516 0.027589082080584717 0.13599466722550815
