1 0.2174054154302671 0.25 0.03588649851632049 0.04599406528189913
2 0.928876112759644 0.5333827893175074 0.08011869436201778 0.20919881305637986
3 0.36348968421673455 0.3631946343111505 0.03477136377924921 0.1216047695011995
2 0.3914207797115413 0.45693164413499177 0.038191497921470446 0.17936703501426926
2 0.4811993009448487 0.4918930153665866 0.07182281698664596 0.2229420774188656
2 0.4444328589159705 0.4072763632553354 0.03477136377924921 0.15301933495567602
2 0.5201293408123828 0.39590834047472895 0.04411142206972045 0.11115888021021235
2 0.5728060875558353 0.42407874162389236 0.054389811678198896 0.1674996825085391
2 0.7158470096071616 0.5420898815730905 0.06124207141718472 0.2268859335797485
2 0.769808555051674 0.3966697026679496 0.04325488960234708 0.1446588167119202
2 0.7254829998651102 0.4107549032425312 0.04625275323815345 0.13019293504072812
3 0.21239799703264098 0.6758160237388724 0.09096810089020767 0.3308605341246291
