0 0.3046179525222552 0.4925816023738872 0.020029673590504445 0.026706231454005903
2 0.2975241097922849 0.6491097922848664 0.07928412462908013 0.2685459940652819
2 0.28500556379821956 0.4591988130563799 0.04423219584569733 0.16765578635014833
1 0.05382974777448071 0.2574183976261128 0.040893916913946594 0.05786350148367955
2 0.5299517804154316 0.4770029673590501 0.05341246290801203 0.1943620178041541
3 0.3363316023738872 0.3864985163204747 0.02837537091988132 0.14391691394658757
3 0.9548405044510386 0.7670623145400595 0.09031899109792292 0.3382789317507418
2 0.8158827786770899 0.4133566017303953 0.041041609706654894 0.1408588580055561
2 0.881720360914849 0.4822659711144084 0.038191497921470585 0.17936703501426912
2 0.9375825519044624 0.5055735519354715 0.04617181091998674 0.2401694197648691
2 0.9683637591844533 0.46149182299128666 0.045031766205913044 0.18443390041015242
