3 0.39349962908011876 0.7084569732937684 0.09263724035608313 0.3041543026706231
2 0.5382974777448072 0.4658753709198813 0.06008902077151333 0.18397626112759652
1 0.9171921364985164 0.2596439169139466 0.04339762611275958 0.053412462908011875
2 0.10659418076589514 0.5121604769501199 0.06042236984590845 0.21686183894380562
2 0.13025010858292535 0.49391976152493994 0.055292168632576626 0.20875485431039245
2 0.11172438197922595 0.3870089016717989 0.0433216991348012 0.10235068099684326
2 0.2992617374443581 0.4123432286512187 0.05358210156146601 0.16112631958908927
2 0.43920222609691023 0.4209568998242203 0.038191497921470516 0.10539080023437286
3 0.46171810919986667 0.3682614997070338 0.025080983709622372 0.10944429255107949
2 0.3451485371858263 0.4478112864224018 0.02223087192443799 0.1469390964806162
2 0.40785099645988226 0.41031648249286534 0.03249127435110175 0.11856465026366955
2 0.36139417436137433 0.48175928457481815 0.08892348769775157 0.23307580821062848
