1 0.6080357142857143 0.24857142857142855 0.039642857142857084 0.04380952380952383
3 0.5522956086939768 0.3239816563258701 0.02276099271648235 0.044510385756676527
3 0.506773623261012 0.6483679525222554 0.07283517669274346 0.24548152144591312
2 0.5716424525029866 0.5141623954680336 0.04021108713245205 0.20636633396277326
2 0.4411460942618213 0.5357431885621797 0.04628068519018079 0.22524952792015107
2 0.29585509075494243 0.6625303479902886 0.08952657135149714 0.30347990288643095
2 0.06774133953259279 0.49055840302131115 0.055634030634610185 0.2023199352576208
2 0.1661174322709931 0.44942001618559485 0.047039384947396776 0.14971675209063925
2 0.2226405641835909 0.4049096304289185 0.031106690045859153 0.12543835985972485
2 0.3576891209680527 0.4561640140275156 0.04628068519018072 0.19827353655246832
2 0.32999657982966596 0.39546803345022935 0.025795791745346647 0.08767197194496895
2 0.5655728544452581 0.3995144321553819 0.03869368761802001 0.10385756676557868
