3 0.15147440652818991 0.6164688427299703 0.06760014836795253 0.29821958456973297
1 0.30712166172106825 0.24925816023738873 0.036721068249258124 0.05637982195845694
3 0.7853062284240202 0.4011961247802754 0.03363131906517538 0.16517981190579595
0 0.6305451584885093 0.4072763632553354 0.011400447140737385 0.023307580821063212
2 0.6359603708803596 0.5060802384750599 0.04275167677776537 0.1965943773602725
2 0.6353903485233228 0.3875155882113904 0.03363131906517566 0.10944429255107956
2 0.5598623862159371 0.4873328365102917 0.04218165442072859 0.1874740196476826
2 0.5148306200100242 0.44274442102651845 0.04218165442072852 0.14693909648061598
2 0.45896842902041074 0.5430683558650081 0.04674183327702352 0.24624965823992903
2 0.43103733352560397 0.3839687824342721 0.047881877991097284 0.12869838105543605
2 0.4236270428841246 0.4538915248974618 0.041041609706654825 0.17328679653920923
3 0.30620243733452884 0.3819420362759188 0.030781207279991136 0.13883211184720273
2 0.3295733539730407 0.45997176337252177 0.03648143085035986 0.20166124275615588
2 0.3842955002485804 0.4787191653372901 0.02622102842369614 0.20470136199368583
2 0.36063957243155004 0.4706121807038766 0.04617181091998667 0.17632691577673923
