3 0.111415059347181 0.4925816023738872 0.052577893175074164 0.23145400593471813
3 0.6230063056379822 0.5504451038575667 0.07093842729970333 0.24332344213649848
1 0.5952258248893292 0.24873702852518065 0.03344759285092394 0.05192490157764713
0 0.5933414534611081 0.3735242919940424 0.014603878568713284 0.02344995555119546
3 0.6086519713154043 0.3986492443703233 0.024496828566873886 0.1289747555315751
2 0.6274956855976149 0.42293669833406144 0.024496828566873886 0.18592464758447838
2 0.3250540713681339 0.4798865903869647 0.03203431427975808 0.18257465393430772
2 0.34978644636353534 0.5062677903820597 0.03533196427914497 0.21691208884855817
2 0.3893582463561778 0.4183304570650766 0.03062103570859236 0.15326220949531333
2 0.4053754034960568 0.44596790467898556 0.028736664280371187 0.16833718092108177
2 0.42516130349237796 0.41330546658982037 0.02873666428037126 0.159962196795655
2 0.47391941419759803 0.39362425389506706 0.028265571423316017 0.15409970790785607
2 0.48499009633839685 0.41456171420863447 0.03062103570859236 0.1607996952081976
2 0.5662536141804303 0.4505741459479704 0.03580305713620028 0.19094963805973456
