1 1 0.4675925921875 0.18402777812499999 0.5154321000000001 0 0.5246913578125 0 1 1 1 1 0.4675925921875
4 0.11640625 0.44921875 0.02890625 0.1421875
3 0.27890625 0.53984375 0.10390625 0.3671875
3 0.40625 0.43203125 0.034375 0.17890625
3 0.446875 0.43359375 0.0546875 0.21875
3 0.54453125 0.50625 0.115625 0.3921875
3 0.68515625 0.41640625 0.025 0.1296875
3 0.71796875 0.434375 0.03671875 0.128125
3 0.790625 0.4234375 0.0625 0.15859375
3 0.8765625 0.4484375 0.084375 0.31015625
3 0.9703125 0.46875 0.059375 0.3875