2 0.328125 0.192969 0.092188 0.132812
4 0.072656 0.450781 0.028906 0.178906
4 0.976562 0.414844 0.041406 0.126562
3 0.283594 0.441406 0.048438 0.194531
3 0.358594 0.458594 0.034375 0.175781
3 0.406250 0.436719 0.050000 0.172656
3 0.490625 0.414062 0.031250 0.164844
3 0.526563 0.415625 0.034375 0.137500
3 0.617969 0.425781 0.068750 0.172656
3 0.680469 0.421094 0.053906 0.160156
3 0.889062 0.430469 0.085938 0.271875
3 0.781250 0.412500 0.039844 0.143750
3 0.319531 0.428906 0.036719 0.160156
0 0.577344 0.337500 0.015625 0.032031
