1 1 0.49228395 0.2890625 0.46913580312500003 0 0.5339506171874999 0.0026041671875 0.8348765437500001 0.534722221875 1 1 1 1 0.49228395
3 0.18046875 0.4546875 0.06484375 0.2265625
2 0.05703125 0.1796875 0.1140625 0.15625
3 0.29375 0.46484375 0.0421875 0.2625
3 0.34765625 0.44296875 0.06171875 0.19765625
3 0.47109375 0.46171875 0.04453125 0.16640625
3 0.4015625 0.4296875 0.03671875 0.146875
3 0.653125 0.41875 0.0578125 0.18984375
3 0.80859375 0.41328125 0.0734375 0.19765625
3 0.94375 0.4234375 0.1125 0.28046875
0 0.46953125 0.43984375 0.021875 0.03984375