1 1 0.46913580312500003 0.613715278125 0.42592592500000004 0 0.50771605 0.8967013890625 1 1 1 1 0.46913580312500003
2 0.42265625 0.159375 0.0890625 0.1375
4 0.13203125 0.43046875 0.02890625 0.16015625
3 0.309375 0.38984375 0.03984375 0.15859375
3 0.3734375 0.409375 0.040625 0.19296875
3 0.5109375 0.42890625 0.053125 0.23125
3 0.646875 0.415625 0.0390625 0.2421875
3 0.74140625 0.39453125 0.034375 0.2703125
3 0.7796875 0.39296875 0.03359375 0.19921875
3 0.89296875 0.41484375 0.05234375 0.253125
3 0.959375 0.49296875 0.08125 0.50859375