1 1 0.49382716093749995 0.512152778125 0.45987654375 0.4348958328125 0.4660493828125 0 0.5601851859375 0 0.6589506171874999 0.7578125 1 1 1 1 0.49382716093749995
4 0.03828125 0.4515625 0.03671875 0.16484375
3 0.7515625 0.4171875 0.05234375 0.20546875
3 0.840625 0.41796875 0.05 0.15703125
3 0.8015625 0.4109375 0.03203125 0.15625
3 0.6578125 0.43125 0.04609375 0.20234375
3 0.56171875 0.425 0.040625 0.20234375
3 0.51484375 0.41875 0.0328125 0.18671875
3 0.45234375 0.421875 0.0359375 0.17421875
3 0.38125 0.45078125 0.075 0.2625
3 0.3484375 0.4484375 0.03203125 0.20546875
3 0.4046875 0.421875 0.02109375 0.134375
2 0.32265625 0.19453125 0.08671875 0.1296875