1 1 0.46913580312500003 0.5694444437499999 0.433641975 0 0.530864196875 0 0.566358025 0.848090278125 1 1 1 1 0.46913580312500003
3 0.3640625 0.4140625 0.0265625 0.2265625
3 0.41171875 0.4203125 0.03671875 0.2296875
3 0.4859375 0.43515625 0.04609375 0.25
3 0.5359375 0.390625 0.03359375 0.15703125
3 0.68046875 0.41484375 0.03125 0.21328125
3 0.571875 0.4171875 0.06796875 0.18984375
3 0.59609375 0.3703125 0.01875 0.16953125
3 0.63828125 0.39375 0.02578125 0.16015625
2 0.4015625 0.16953125 0.084375 0.1265625
0 0.5828125 0.2703125 0.01484375 0.04296875
4 0.17734375 0.41796875 0.03125 0.16640625