1 0.19097222187500001 1 0.9539930562500001 0.5030864187499999 0.30381944375000003 0.433641975 0 0.49845678906249996 0 1 0.19097222187500001 1
2 0.48125 0.1421875 0.08671875 0.1171875
4 0.87734375 0.378125 0.04453125 0.20703125
3 0.7046875 0.3765625 0.03046875 0.20390625
3 0.5265625 0.41953125 0.0390625 0.28359375
3 0.48515625 0.4375 0.025 0.2796875
3 0.4015625 0.40859375 0.040625 0.2625
3 0.2265625 0.40703125 0.0328125 0.21640625
3 0.1203125 0.425 0.046875 0.21796875
3 0.03203125 0.49609375 0.0640625 0.40859375
0 0.73125 0.38046875 0.01875 0.0296875