2 0.310771 0.253683 0.104431 0.150452
4 0.120436 0.511416 0.032745 0.202667
4 0.905449 0.364937 0.046906 0.143372
3 0.303503 0.476370 0.054871 0.220367
3 0.371206 0.481835 0.038940 0.199127
3 0.410050 0.456658 0.056641 0.195587
3 0.480869 0.426125 0.035400 0.186737
3 0.512460 0.422914 0.038940 0.155762
3 0.593599 0.420148 0.077881 0.195587
3 0.647598 0.408096 0.061066 0.181427
3 0.831004 0.389726 0.097351 0.307983
3 0.734539 0.387757 0.045135 0.162842
3 0.333304 0.460875 0.041595 0.181427
0 0.546872 0.348204 0.017700 0.036285
