1 1 0.48148148125 0.5607638890625 0.44598765625 0 0.543209878125 0 0.604938271875 0.8263888890625 1 1 1 1 0.48148148125
4 0.1234375 0.43515625 0.03046875 0.17578125
2 0.37421875 0.18203125 0.090625 0.1296875
3 0.375 0.42890625 0.0484375 0.23125
3 0.478125 0.421875 0.04453125 0.16484375
3 0.3953125 0.43359375 0.03203125 0.17265625
3 0.746875 0.40625 0.06328125 0.19921875
3 0.67109375 0.38828125 0.02421875 0.1375
3 0.68046875 0.41796875 0.03203125 0.1359375
3 0.54765625 0.40625 0.03046875 0.1515625
3 0.5671875 0.4109375 0.0375 0.134375
3 0.5328125 0.428125 0.06796875 0.18359375
4 0.9015625 0.40859375 0.0296875 0.16015625