1 1 0.47993827187500004 0.5217013890625 0.5030864187499999 0 0.520061728125 0 1 1 1 1 0.47993827187500004
4 0.15859375 0.44921875 0.02109375 0.1234375
3 0.20390625 0.50859375 0.06171875 0.34140625
3 0.1046875 0.496875 0.05546875 0.31796875
3 0.26015625 0.46171875 0.034375 0.17578125
3 0.2953125 0.45390625 0.03046875 0.18828125
3 0.60234375 0.46953125 0.06328125 0.39375
3 0.546875 0.4875 0.0453125 0.21015625
3 0.6328125 0.40859375 0.02578125 0.18515625
3 0.71015625 0.45234375 0.034375 0.08671875
3 0.75625 0.4453125 0.03046875 0.103125