1 1 0.456790121875 0.206597221875 0.49845678906249996 0 0.49074074218749997 0.0008680562500000001 1 1 1 1 0.456790121875
3 0.8015625 0.48984375 0.09921875 0.2734375
3 0.76640625 0.459375 0.06171875 0.30078125
3 0.64375 0.41015625 0.0359375 0.24375
3 0.66484375 0.415625 0.0328125 0.2390625
3 0.52109375 0.4359375 0.05546875 0.29765625
3 0.428125 0.43828125 0.053125 0.275
3 0.2953125 0.42890625 0.04765625 0.271875
3 0.14140625 0.45 0.053125 0.2609375
3 0.07578125 0.47578125 0.07265625 0.390625
3 0.02265625 0.50546875 0.0390625 0.384375
4 0.47890625 0.46640625 0.06015625 0.30546875
0 0.49609375 0.36953125 0.021875 0.03203125