1 1 0.512345678125 0.41059027812500004 0.44290123281250005 0 0.523148146875 0 1 0.21614583281250002 1 1 0.550925925 1 0.512345678125
4 0.39765625 0.59453125 0.10078125 0.6
3 0.6890625 0.45078125 0.078125 0.29609375
3 0.190625 0.45234375 0.04375 0.2625
0 0.221875 0.35234375 0.03359375 0.05703125
3 0.0203125 0.4453125 0.03984375 0.20234375
3 0.28046875 0.4 0.0390625 0.1515625
3 0.60234375 0.43046875 0.0875 0.2625
3 0.66484375 0.41953125 0.05 0.2375
3 0.46328125 0.409375 0.05703125 0.19921875
3 0.35078125 0.40390625 0.03359375 0.15859375
3 0.56328125 0.39765625 0.0453125 0.18984375
2 0.5828125 0.1609375 0.08828125 0.103125