4 0.880282 0.301206 0.028998 0.163491
4 0.011185 0.477953 0.022370 0.225352
3 0.533666 0.615948 0.050929 0.240526
3 0.628579 0.311861 0.040126 0.166448
0 0.405829 0.204859 0.017491 0.025607
2 0.327121 0.157302 0.040126 0.065847
3 0.434123 0.520835 0.064819 0.213090
3 0.136009 0.393713 0.049900 0.180166
3 0.234780 0.402401 0.047842 0.203030
3 0.265132 0.410175 0.065333 0.222235
3 0.313231 0.451787 0.048357 0.228637
3 0.356701 0.374965 0.054016 0.195713
3 0.406601 0.319635 0.044756 0.209432
3 0.422806 0.328780 0.046299 0.180166
