3 0.1847555923777962 0.48458068673478777 0.03976801988400993 0.1885298720427138
4 0.8819386909693455 0.40136242290343366 0.04225352112676063 0.19884009942004968
0 0.6922120961060481 0.05302402651201327 0.017398508699254335 0.029457792506674036
3 0.11184755592377794 0.304151707631409 0.05136702568351291 0.16349074841204073
3 0.44987572493786243 0.5707447298168093 0.05136702568351282 0.21062321642271925
3 0.5298260149130075 0.5309767099327994 0.08533554266777138 0.18705698241738006
3 0.6814415907207954 0.43155666022277456 0.05882352941176478 0.17380097578937673
3 0.6338028169014085 0.3939979747767651 0.03811101905550949 0.18116542391604532
3 0.5600662800331401 0.42713799134677344 0.03976801988400986 0.1649636380373746
3 0.5410107705053853 0.23860811930405965 0.03148301574150778 0.1355058455307006
3 0.463960231980116 0.25996501887139833 0.02319801159900578 0.14287029365736906
3 0.49088649544324786 0.31077971094541096 0.02734051367025717 0.1531805210347049
3 0.5132560066280033 0.30415170763140936 0.01408450704225352 0.14876185215870388
