2 0.1335786942556011 0.22704758004637668 0.033883376103859816 0.041702616743212066
3 0.22773538362113455 0.4158677614114757 0.020199704984993367 0.12742466227092572
3 0.26780899189781493 0.43266464871082505 0.02867054901095834 0.14711756462188696
3 0.3704365252893133 0.4616247992269445 0.014986877892091783 0.13553350441543913
3 0.37825576592866555 0.47320885943339236 0.03714139303692313 0.16101843686962433
3 0.3841201964081798 0.36431869349278306 0.01759329143854259 0.13785031645672877
3 0.4114875386459127 0.3770611597198756 0.016290084665317225 0.15638481278704525
3 0.4069263149396241 0.3069775954708665 0.022806118531444527 0.06950436123868677
3 0.5043410212382207 0.3492594152244009 0.02606413546450753 0.13321669237414954
0 0.6255392511481808 0.5125946641353147 0.015638481278704503 0.03359377459869862
3 0.62293283760173 0.5768861982811001 0.04170261674321196 0.19924583555090208
4 0.7030800541550906 0.35331383629665764 0.02736734223773297 0.14595915860124212
3 0.8272104993048077 0.47147125040242516 0.035838186263697766 0.18071133922058558
