4 0.11640430820215411 0.28058547362607017 0.03728251864125934 0.17527386541471046
4 0.9250207125103563 0.37779618889809446 0.03396851698425863 0.21356899567338672
3 0.6445733222866612 0.567062505753475 0.06959403479701734 0.27984902881340334
3 0.38276719138359566 0.5442327165608027 0.04971002485501245 0.22829789192672373
3 0.24689312344656172 0.4286108809721072 0.051367025683512854 0.18852987204271388
3 0.34962717481358735 0.33581883457608397 0.046396023198011636 0.17380097578937684
3 0.47348798674399334 0.33508238976341714 0.0505385252692627 0.13697873515603426
3 0.5410107705053853 0.3026788180060757 0.03811101905550956 0.17232808616404313
3 0.5869925434962717 0.3026788180060757 0.03231151615575811 0.20178587867071712
3 0.6640430820215409 0.34981128601675415 0.047224523612261746 0.15465341066003863
0 0.623860811930406 0.36012151339409004 0.014913007456503707 0.03093068213200766
3 0.6242750621375311 0.33360950013808344 0.0306545153272576 0.15465341066003863
3 0.6362883181441591 0.29899659394274136 0.03148301574150778 0.15023474178403756
2 0.6980115990057996 0.15023474178403756 0.052195526097763005 0.07364448126668506
