3 0.36371168185584096 0.5420233821228021 0.03976801988401 0.17969253429071153
2 0.9266777133388566 0.2305072263647243 0.033968516984258484 0.04565957838534476
3 0.8347853895161492 0.35712743936519753 0.027634861379449944 0.1504092284310568
3 0.8207553829696593 0.3318072928705222 0.020832433962969788 0.14663010208856783
4 0.7312609472715949 0.5007342403797742 0.06037154332125951 0.19575874454092315
3 0.6940601723377202 0.408145644988797 0.023383344244149954 0.16930486014350102
3 0.71064108916539 0.3272723412595354 0.02933546823356977 0.12697864510762571
3 0.570341023700491 0.34503423506923314 0.019982130535909873 0.13378107252410565
3 0.5913860335202259 0.2841903009551624 0.01615576511413998 0.10128058597870147
3 0.5930866403743459 0.4096572955257926 0.018706675395319793 0.14360680101457668
3 0.589898002522871 0.38018011005437957 0.03953910935828979 0.14360680101457673
