4 0.842585 0.396944 0.038111 0.190003
2 0.657001 0.201786 0.038111 0.055970
4 0.086578 0.340238 0.045568 0.150235
0 0.339685 0.343920 0.016570 0.030931
3 0.347556 0.494891 0.058824 0.170855
3 0.752278 0.578846 0.089478 0.229771
3 0.673571 0.481635 0.036454 0.182638
3 0.671085 0.388843 0.028169 0.126669
3 0.610191 0.367486 0.040597 0.151708
3 0.447804 0.406518 0.052196 0.135506
3 0.352113 0.336555 0.038111 0.101629
3 0.396437 0.336555 0.037283 0.136979
3 0.437448 0.293105 0.038111 0.108994
3 0.479702 0.309307 0.036454 0.135506
