4 0.164457 0.819663 0.045568 0.293105
4 0.696769 0.306361 0.029826 0.135506
2 0.650787 0.208414 0.037283 0.057443
0 0.764530 0.524203 0.018239 0.027436
3 0.745589 0.533348 0.035543 0.172101
3 0.470133 0.573256 0.060797 0.225312
3 0.473173 0.365819 0.047234 0.146328
3 0.497492 0.343787 0.021980 0.152148
3 0.554080 0.253995 0.037881 0.073995
3 0.549637 0.359584 0.030866 0.158799
3 0.613473 0.439399 0.066876 0.158799
3 0.657902 0.457274 0.042558 0.147991
3 0.698121 0.449376 0.034140 0.123880
3 0.703265 0.519630 0.042558 0.157967
