4 0.125244 0.372541 0.039205 0.205703
4 0.895537 0.331535 0.035720 0.250647
3 0.640399 0.534786 0.073182 0.328434
3 0.391467 0.555390 0.052273 0.267933
3 0.256681 0.478111 0.054016 0.221261
3 0.348880 0.383768 0.048788 0.203975
3 0.466028 0.364240 0.053144 0.160760
3 0.528167 0.326465 0.040076 0.202246
3 0.571671 0.319447 0.033978 0.236818
3 0.647111 0.347643 0.049660 0.181503
0 0.609649 0.362516 0.015682 0.036301
3 0.608612 0.339978 0.032235 0.181503
3 0.618113 0.308801 0.033106 0.176317
2 0.668493 0.173270 0.054887 0.086430
