4 0.29494614747307374 0.8056706250575348 0.0745650372825186 0.2798490288134032
4 0.7808616404308202 0.30415170763140936 0.02734051367025671 0.14581607290803641
3 0.33935642504269053 0.4123283210460987 0.0327366819418097 0.15464184993464422
0 0.3594661010926594 0.5486791994830967 0.017771341625553844 0.03159349622320683
3 0.3407594256973395 0.5083559214087406 0.051443357337129604 0.12387976150678483
3 0.36320743617172324 0.47011116282275334 0.05144335733712957 0.13053102386956525
3 0.47661665575585005 0.44600033675767436 0.05658769307084256 0.14217073300443098
3 0.6147481201786992 0.5753341943805044 0.04910502291271456 0.16960719025090015
3 0.6851319863535902 0.5117314980364168 0.05237869110689559 0.18041549159041842
3 0.756451186298246 0.44812880169232827 0.04255768652435415 0.17792126820437518
3 0.6423404663867959 0.3425400116831905 0.0341396825964587 0.14133932520908338
3 0.5976782788804698 0.26854471789725853 0.03180134817204383 0.12637398489282753
2 0.7718841934993861 0.20909906052990873 0.0341396825964587 0.060692769060371105
