4 0.100249 0.291632 0.054681 0.197367
4 0.913836 0.371905 0.044739 0.228298
0 0.676471 0.136242 0.014085 0.025039
2 0.677299 0.156126 0.038940 0.070699
3 0.380915 0.246928 0.021980 0.131362
3 0.403129 0.254826 0.030866 0.158799
3 0.484737 0.295150 0.028528 0.149653
3 0.517941 0.295150 0.034140 0.172933
3 0.505080 0.490946 0.043025 0.243602
3 0.571255 0.444803 0.066876 0.231131
3 0.667127 0.393256 0.036946 0.211178
3 0.693316 0.406143 0.042558 0.200369
3 0.733536 0.423187 0.047234 0.207852
3 0.695654 0.438152 0.033204 0.209515
