4 0.039768 0.326981 0.041425 0.182638
4 0.867440 0.382951 0.031483 0.217988
2 0.663629 0.166437 0.039768 0.067753
3 0.339685 0.394734 0.029826 0.173801
3 0.740679 0.638498 0.071251 0.216515
3 0.724109 0.421246 0.033140 0.209150
3 0.657415 0.363067 0.040597 0.172328
3 0.615162 0.405781 0.035626 0.190003
3 0.610191 0.506674 0.058824 0.215042
3 0.576222 0.399890 0.040597 0.204732
3 0.427092 0.344656 0.045568 0.141397
3 0.393538 0.296051 0.031483 0.135506
0 0.346313 0.249655 0.018227 0.048605
3 0.366197 0.278376 0.024855 0.159072
