4 0.081536 0.437696 0.052552 0.201735
2 0.648606 0.202119 0.041353 0.071691
4 0.845058 0.369314 0.036183 0.228410
3 0.255682 0.648798 0.043076 0.236747
0 0.264479 0.674447 0.026707 0.038346
3 0.259456 0.389274 0.029291 0.165056
3 0.344934 0.592577 0.056860 0.258421
3 0.402877 0.397382 0.036183 0.198400
3 0.517707 0.273353 0.022399 0.155052
3 0.576214 0.344968 0.043076 0.176726
3 0.649052 0.408754 0.050829 0.231745
3 0.689101 0.363465 0.036375 0.199797
3 0.723344 0.374160 0.028886 0.169776
3 0.750264 0.392661 0.045469 0.200832
