4 0.034248 0.359926 0.054636 0.192670
2 0.682270 0.159295 0.042992 0.068469
4 0.893650 0.393365 0.037618 0.218147
3 0.218310 0.644154 0.044784 0.226108
0 0.226819 0.676797 0.027766 0.036623
3 0.236223 0.328080 0.030453 0.157639
3 0.321313 0.589219 0.059115 0.246809
3 0.396549 0.359926 0.037618 0.189485
3 0.531797 0.226172 0.023288 0.148085
3 0.593598 0.322507 0.044784 0.168785
3 0.671876 0.411484 0.052845 0.221332
3 0.719153 0.362355 0.037818 0.190819
3 0.756971 0.380646 0.030032 0.162147
3 0.786168 0.407341 0.047272 0.191808
