3 0.1996685998342999 0.5758998435054772 0.04308202154101075 0.2003129890453834
3 0.28293289146644574 0.4499677805394458 0.05385252692626345 0.19294854091871486
3 0.567937033968517 0.54717849581147 0.05882352941176471 0.2430267881800608
4 0.6942833471416736 0.5317131547454662 0.03976801988400993 0.24155389855472698
4 0.9076222038111018 0.38957930590076406 0.040596520298260115 0.21062321642271928
4 0.11764705882352942 0.2975237043174077 0.041425020712510356 0.17674675504004422
3 0.5488815244407622 0.30562459725674307 0.045567522783761305 0.1752738654147105
3 0.6114333057166528 0.38516063702476294 0.03976801988400993 0.20767743717205192
3 0.6420878210439105 0.2835312528767375 0.029826014913007484 0.20767743717205192
3 0.6706710853355426 0.3387646138267514 0.033968516984258484 0.17085519653870937
3 0.7510356255178128 0.40651753659210166 0.035625517812758856 0.17674675504004417
3 0.7485501242750621 0.3291908312620824 0.050538525269262634 0.14876185215870386
2 0.6868268434134217 0.1494982969713707 0.04473902236951119 0.07217159164135137
0 0.8189726594863298 0.36454018227009116 0.017398508699254477 0.027984902881340333
