4 0.063815 0.470076 0.044629 0.232610
4 0.826645 0.326179 0.033918 0.277632
2 0.621644 0.204538 0.042844 0.086291
3 0.344254 0.454713 0.032133 0.221355
3 0.732167 0.552852 0.076762 0.275756
3 0.698605 0.388278 0.035703 0.266376
3 0.632594 0.358291 0.043736 0.219479
3 0.597507 0.400945 0.038381 0.241990
3 0.601492 0.480240 0.063373 0.273880
3 0.561342 0.405190 0.043736 0.260749
3 0.420074 0.396137 0.049092 0.180085
3 0.385228 0.366070 0.033918 0.172582
0 0.338047 0.340808 0.019637 0.061904
3 0.358690 0.358562 0.026777 0.202596
