2 0.348799 0.197367 0.034797 0.053024
4 0.592792 0.854966 0.062138 0.290067
4 0.333057 0.298997 0.033140 0.147289
0 0.740679 0.477216 0.019884 0.035349
3 0.719553 0.494891 0.040597 0.170855
3 0.644988 0.496364 0.050539 0.188530
3 0.503572 0.300970 0.024786 0.133025
3 0.458676 0.273533 0.020110 0.076490
3 0.470133 0.350438 0.021513 0.155473
3 0.443009 0.378291 0.025254 0.146328
3 0.444646 0.554133 0.064070 0.218660
3 0.423834 0.515473 0.041155 0.204526
3 0.281664 0.532101 0.039284 0.197875
3 0.235598 0.592378 0.036946 0.202032
