4 0.119718 0.301206 0.028998 0.163491
4 0.988815 0.477953 0.022370 0.225352
3 0.466334 0.615948 0.050929 0.240526
3 0.371421 0.311861 0.040126 0.166448
0 0.594171 0.204859 0.017491 0.025607
2 0.672879 0.157302 0.040126 0.065847
3 0.565877 0.520835 0.064819 0.213090
3 0.863991 0.393713 0.049900 0.180166
3 0.765220 0.402401 0.047842 0.203030
3 0.734868 0.410175 0.065333 0.222235
3 0.686769 0.451787 0.048357 0.228637
3 0.643299 0.374965 0.054016 0.195713
3 0.593399 0.319635 0.044756 0.209432
3 0.577194 0.328780 0.046299 0.180166
