3 0.15368682684341342 0.49857313817545795 0.04556752278376141 0.18116542391604526
3 0.2651201325600663 0.4676424560434502 0.05302402651201323 0.19000276166804744
4 0.6698425849212924 0.2842676976894044 0.030654515327257742 0.1649636380373746
2 0.6690140845070423 0.16201785878670716 0.040596520298260115 0.08248181901868726
3 0.3380281690140845 0.5331860443708 0.046396023198011636 0.12961428702936573
0 0.3993371996685998 0.5405504924974684 0.018227009113504593 0.038295130258676265
3 0.4014084507042254 0.5191935929301298 0.07870753935376967 0.14287029365736914
3 0.3699254349627175 0.3144619350087453 0.057166528583264264 0.15465341066003863
3 0.45857497928748964 0.34760195157875357 0.045567522783761374 0.18558409279204632
3 0.5741507870753935 0.611985639326153 0.0679370339685169 0.237135229678726
3 0.5782932891466446 0.5272944858694651 0.08119304059652023 0.21798766454938787
3 0.6035625517812759 0.3571757341434227 0.0372825186412593 0.16349074841204092
3 0.6329743164871583 0.3984166436527663 0.04805302402651193 0.18705698241738006
