3 0.199669 0.575900 0.043082 0.200313
3 0.282933 0.449968 0.053853 0.192949
3 0.567937 0.547178 0.058824 0.243027
4 0.694283 0.531713 0.039768 0.241554
4 0.907622 0.389579 0.040597 0.210623
4 0.117647 0.297524 0.041425 0.176747
3 0.548882 0.305625 0.045568 0.175274
3 0.611433 0.385161 0.039768 0.207677
3 0.642088 0.283531 0.029826 0.207677
3 0.670671 0.338765 0.033969 0.170855
3 0.751036 0.406518 0.035626 0.176747
3 0.748550 0.329191 0.050539 0.148762
2 0.686827 0.149498 0.044739 0.072172
0 0.818973 0.364540 0.017399 0.027985
