2 0.298260 0.215042 0.033140 0.061861
0 0.920050 0.408727 0.045568 0.163491
4 0.119718 0.420510 0.030655 0.175274
3 0.766363 0.444076 0.028169 0.148762
0 0.626264 0.676309 0.019034 0.033838
3 0.651214 0.670364 0.067905 0.171935
3 0.574049 0.621436 0.077165 0.171021
3 0.598227 0.426180 0.050414 0.153644
3 0.456244 0.267048 0.024693 0.118891
3 0.401714 0.342956 0.034981 0.146328
3 0.375478 0.321921 0.017491 0.122550
3 0.361331 0.359418 0.035496 0.139011
3 0.317089 0.530438 0.050929 0.193884
3 0.220890 0.602688 0.043727 0.206688
