4 0.937448 0.413882 0.032312 0.188530
4 0.129660 0.333610 0.060481 0.145816
2 0.716239 0.190003 0.033969 0.061861
3 0.304888 0.589892 0.049710 0.184111
3 0.261806 0.417564 0.043082 0.136979
3 0.288318 0.382215 0.051367 0.145816
3 0.354184 0.344656 0.057167 0.159072
3 0.441591 0.378533 0.048053 0.147289
3 0.560481 0.304152 0.042254 0.131087
3 0.593621 0.380006 0.033969 0.144343
3 0.626346 0.410936 0.039768 0.147289
3 0.682684 0.434502 0.034797 0.147289
0 0.785468 0.342767 0.014880 0.027966
3 0.765486 0.368087 0.056545 0.196515
