4 0.956909 0.868030 0.062049 0.263940
4 0.232059 0.235947 0.040614 0.184781
2 0.294673 0.102383 0.050768 0.078331
0 0.139789 0.533004 0.024836 0.037413
3 0.165581 0.545475 0.048399 0.234684
3 0.540669 0.599894 0.082787 0.307243
3 0.536530 0.317026 0.064319 0.199538
3 0.503415 0.286982 0.029931 0.207474
3 0.426360 0.164539 0.051583 0.100903
3 0.432409 0.308523 0.042030 0.216544
3 0.345483 0.417362 0.091066 0.216544
3 0.284985 0.441738 0.057951 0.201805
3 0.230218 0.430967 0.046488 0.168927
3 0.223213 0.526768 0.057951 0.215410
