4 0.8355426677713338 0.8196630764982049 0.045567522783761374 0.2931050354414066
4 0.3032311516155758 0.3063610420694099 0.02982601491300745 0.13550584553070052
2 0.3492129246064623 0.20841388198471875 0.0372825186412593 0.057442695388014366
0 0.23547027653858885 0.5242026149666301 0.018239008510436888 0.027436457246469245
3 0.25441078537635015 0.5333481007154531 0.03554268325110772 0.17210141363694276
3 0.5298665805724353 0.5732556748921355 0.06079669503478954 0.22531151253918594
3 0.5268267458206958 0.3658194299529219 0.04723435537318281 0.14632777198116872
3 0.5025080678067799 0.3437871233762118 0.02198034358950075 0.15214762654860156
3 0.4459203747359373 0.25399508147867644 0.037881017675522696 0.07399529378593189
3 0.45036321014232583 0.35958387148781523 0.030866014402277812 0.15879888891138197
3 0.3865266803557968 0.43939901984118 0.06687636453826848 0.15879888891138208
3 0.34209832629191206 0.4572742874411523 0.04255768652435265 0.14799058757186387
3 0.30187897419197435 0.44937591338535054 0.03413968259645877 0.12387976150678498
3 0.2967346384582614 0.5196298720922186 0.042557686524352684 0.15796748111603442
