2 0.651201 0.197367 0.034797 0.053024
4 0.407208 0.854966 0.062138 0.290067
4 0.666943 0.298997 0.033140 0.147289
0 0.259321 0.477216 0.019884 0.035349
3 0.280447 0.494891 0.040597 0.170855
3 0.355012 0.496364 0.050539 0.188530
3 0.496428 0.300970 0.024786 0.133025
3 0.541324 0.273533 0.020110 0.076490
3 0.529867 0.350438 0.021513 0.155473
3 0.556991 0.378291 0.025254 0.146328
3 0.555354 0.554133 0.064070 0.218660
3 0.576166 0.515473 0.041155 0.204526
3 0.718336 0.532101 0.039284 0.197875
3 0.764402 0.592378 0.036946 0.202032
