4 0.933319 0.405059 0.032564 0.193243
4 0.131231 0.346940 0.060953 0.149461
2 0.712047 0.192191 0.034234 0.063408
3 0.307144 0.592567 0.050098 0.188714
3 0.263014 0.425536 0.043419 0.140403
3 0.289034 0.390390 0.051768 0.149461
3 0.354080 0.352105 0.057613 0.163049
3 0.441073 0.382967 0.048428 0.150971
3 0.558430 0.307437 0.042584 0.134364
3 0.591920 0.380605 0.034234 0.147952
3 0.624638 0.409960 0.040079 0.150971
3 0.680723 0.431541 0.035069 0.150971
0 0.781961 0.339483 0.014997 0.028665
3 0.762339 0.364683 0.056987 0.201427
