0 0.08782104391052198 0.7114056890361777 0.023198011599005797 0.05007824726134587
3 0.039768019884009936 0.6303967596428243 0.05633802816901408 0.22387922305072266
3 0.3334714167357084 0.6340789837061586 0.07870753935376967 0.2518641259320629
3 0.512013256006628 0.4794255730461199 0.03479701739850874 0.22240633342538899
3 0.6230323115161558 0.42787443615944026 0.04805302402651208 0.2017858786707172
3 0.6383595691797845 0.22682500230139005 0.028997514498757225 0.14434318328270276
2 0.7858326429163215 0.17748319985271102 0.045567522783761374 0.05155113688667953
3 0.673489010981238 0.27111792502385934 0.02037156950550326 0.14184648396424554
3 0.6873529957835944 0.3234301035071271 0.02772796960471297 0.16196655261165613
3 0.7170615346457868 0.3521012013296873 0.044138400595257254 0.15894854231454456
3 0.8647554135606862 0.4743306183627074 0.04753366217950784 0.20220668990647758
3 0.9419976146023862 0.6453512018656983 0.07299812406138699 0.22635077228337047
