4 0.829322 0.835800 0.094224 0.328400
4 0.276911 0.236573 0.035103 0.180577
2 0.302389 0.098148 0.050807 0.087005
3 0.201665 0.345352 0.040672 0.204789
3 0.233212 0.368055 0.043280 0.203862
3 0.245987 0.421801 0.038587 0.252048
3 0.281966 0.462110 0.063616 0.267801
3 0.323421 0.255004 0.031808 0.142704
0 0.314817 0.077552 0.020858 0.036139
3 0.341671 0.355545 0.038065 0.178843
3 0.363311 0.291607 0.046930 0.193669
3 0.433445 0.330989 0.069352 0.213129
3 0.469946 0.254541 0.026593 0.193669
3 0.495496 0.305970 0.033894 0.187183
