2 0.661013 0.177669 0.037055 0.056475
4 0.401187 0.861799 0.066170 0.276403
4 0.677776 0.285914 0.035291 0.156876
0 0.243703 0.475733 0.021174 0.037650
3 0.266200 0.494558 0.043231 0.181976
3 0.345604 0.496127 0.053818 0.200801
3 0.496197 0.288015 0.026395 0.141684
3 0.544006 0.258793 0.021415 0.081468
3 0.531805 0.340704 0.022909 0.165593
3 0.560690 0.370369 0.026893 0.155852
3 0.558946 0.557657 0.068228 0.232893
3 0.581108 0.516480 0.043825 0.217839
3 0.732505 0.534190 0.041833 0.210754
3 0.781559 0.598391 0.039343 0.215182
