4 0.02112676056338028 0.3387646138267514 0.04225352112676056 0.19147565129338123
4 0.9109362054681027 0.41240909509343643 0.038939519469759605 0.2327165608027249
2 0.6752278376139188 0.148025407346037 0.04639602319801156 0.06333425388934916
0 0.5194697597348799 0.1089938322746939 0.026512013256006595 0.04418668876001103
3 0.32062966031483014 0.32698149682408173 0.044739022369511154 0.182638313541379
3 0.5923777961888982 0.3137254901960784 0.03645401822700912 0.18263831354137905
3 0.6354598177299089 0.34907484120408727 0.03976801988400986 0.197367209794716
3 0.7348798674399337 0.5125655896161281 0.039768019884010075 0.22682500230139005
3 0.776304888152444 0.6355518733314922 0.07290803645401824 0.2430267881800608
3 0.4482187241093621 0.38442419221209606 0.03314001657000823 0.182638313541379
3 0.48260149130074564 0.5287673754947988 0.06710853355426678 0.23271656080272485
3 0.41839270919635463 0.5147749240541287 0.04639602319801156 0.2489183466813956
3 0.39063794531897267 0.5398140476848016 0.052195526097763005 0.24008100892939324
