4 0.116404 0.280585 0.037283 0.175274
4 0.925021 0.377796 0.033969 0.213569
3 0.644573 0.567063 0.069594 0.279849
3 0.382767 0.544233 0.049710 0.228298
3 0.246893 0.428611 0.051367 0.188530
3 0.349627 0.335819 0.046396 0.173801
3 0.473488 0.335082 0.050539 0.136979
3 0.541011 0.302679 0.038111 0.172328
3 0.586993 0.302679 0.032312 0.201786
3 0.664043 0.349811 0.047225 0.154653
0 0.623861 0.360122 0.014913 0.030931
3 0.624275 0.333610 0.030655 0.154653
3 0.636288 0.298997 0.031483 0.150235
2 0.698012 0.150235 0.052196 0.073644
