4 0.910589 0.377370 0.045676 0.227624
2 0.688166 0.143570 0.045676 0.067052
4 0.015910 0.309436 0.031820 0.179982
0 0.307862 0.313847 0.019859 0.037055
3 0.317295 0.494711 0.070500 0.204685
3 0.802356 0.595289 0.107240 0.275266
3 0.708025 0.478831 0.043690 0.218801
3 0.705046 0.367665 0.033761 0.151749
3 0.632064 0.342080 0.048655 0.181746
3 0.437444 0.388840 0.062556 0.162336
3 0.322757 0.305025 0.045676 0.121752
3 0.375880 0.305025 0.044683 0.164101
3 0.425032 0.252971 0.045676 0.130575
3 0.475672 0.272381 0.043690 0.162336
