4 0.026858 0.249959 0.053715 0.236841
4 0.985041 0.346286 0.029918 0.273957
0 0.712167 0.063491 0.016896 0.030047
2 0.713161 0.087352 0.046713 0.084838
3 0.357611 0.196314 0.026368 0.157635
3 0.384260 0.205792 0.037028 0.190559
3 0.482158 0.254180 0.034223 0.179584
3 0.521991 0.254180 0.040955 0.207519
3 0.506563 0.489136 0.051614 0.292323
3 0.585948 0.433764 0.080227 0.277358
3 0.700958 0.371907 0.044321 0.253413
3 0.732376 0.387371 0.051053 0.240443
3 0.780624 0.407824 0.056664 0.249422
3 0.735181 0.425782 0.039833 0.251418
