4 0.813399 0.353320 0.040463 0.230378
2 0.627122 0.227382 0.040463 0.067863
4 0.103116 0.444489 0.048380 0.182160
0 0.339909 0.401443 0.017593 0.037503
3 0.357192 0.523560 0.062454 0.207162
3 0.740960 0.518616 0.095001 0.278597
3 0.661009 0.453385 0.038704 0.221449
3 0.652585 0.377899 0.029908 0.153586
3 0.594269 0.371503 0.043102 0.183946
3 0.445072 0.432995 0.055417 0.164301
3 0.351039 0.393154 0.040463 0.123226
3 0.392464 0.385088 0.039584 0.166087
3 0.427935 0.342067 0.040463 0.132155
3 0.468490 0.347637 0.038704 0.164301
