0 0.10687655343827672 0.35496639970542204 0.01822700911350456 0.0324035717573414
3 0.10480530240265122 0.4072539814047685 0.060480530240265125 0.18116542391604526
3 0.23032311516155757 0.3925250851514315 0.0596520298260149 0.1811654239160453
3 0.3152444076222036 0.2901592561907391 0.03728251864125962 0.16790941728804218
3 0.2816901408450704 0.29163214581607294 0.02982601491300745 0.14728896253337015
3 0.49337199668599835 0.449231335726779 0.04225352112676063 0.2091503267973856
2 0.6739850869925434 0.14360673847003588 0.047224523612261746 0.07217159164135138
4 0.8931234465617234 0.3726410752094265 0.03811101905550956 0.23860811930405962
3 0.5576459935344854 0.37405036712686274 0.05761656021758526 0.1774224235271672
3 0.6458713513676628 0.3799949328635977 0.0509289237637585 0.20028613789922484
3 0.704259561945305 0.41749142443377224 0.03703921728273329 0.23138078944522308
3 0.7371833106410679 0.47327888750159275 0.04424128730993147 0.22772259514569393
3 0.7091466808923323 0.5542164363786768 0.06018872808444172 0.23778262946939932
