3 0.4150787075393538 0.4521771149774464 0.05468102734051364 0.1502347417840376
3 0.6222038111019056 0.3770597440854276 0.028169014084507112 0.1472889625333702
2 0.8313686746488885 0.2228297602700736 0.03168910811967194 0.057342195645120525
4 0.8647554135606862 0.3173940829129039 0.03734787742675607 0.1398344770995044
3 0.6819771649418643 0.2600518872677834 0.02829384653542135 0.10965437412838838
3 0.7046122421702015 0.3329871361146472 0.027162092674004584 0.13681646680239276
3 0.7422430580623117 0.3324841343984619 0.020937446436211787 0.13581046337002228
3 0.7665757660827742 0.35763422020772523 0.034518492773213866 0.11770240158735255
3 0.784966766330798 0.4758396235112631 0.0475336621795077 0.18108061782669638
3 0.923323675889005 0.6061170680032432 0.05489006227872277 0.20623070363595858
