4 0.10024855012427505 0.29163214581607294 0.054681027340513666 0.197367209794716
4 0.9138359569179785 0.37190463039675964 0.04473902236951119 0.22829789192672376
0 0.6764705882352942 0.1362422903433674 0.014084507042253449 0.025039123630672934
2 0.6772990886495444 0.15612630028537236 0.038939519469759744 0.07069870201601766
3 0.38091467773720084 0.24692811521822228 0.02198034358950075 0.1313624316649129
3 0.4031288547691432 0.25482648927402396 0.030866014402277812 0.158798888911382
3 0.48473672618122604 0.29514976734838005 0.028527679977862805 0.14965340316255893
3 0.5179410750079189 0.29514976734838017 0.03413968259645884 0.17293282143229036
3 0.5050802356736365 0.4909463031527281 0.043025353409235766 0.24360248403683193
3 0.5712550998845805 0.44480317051093904 0.06687636453826834 0.23113136710661883
3 0.6671268112855948 0.3932558871993909 0.036945683905756824 0.21117758001827763
3 0.6933161568390426 0.40614270802727803 0.04255768652435279 0.2003692786787595
3 0.7335355089389801 0.4231865678319027 0.04723435537318281 0.20785194883688743
3 0.6956544912634577 0.43815190814815863 0.03320434882669275 0.2095147644275825
