4 0.204640 0.818190 0.084507 0.328454
4 0.700083 0.263647 0.031483 0.162018
2 0.677233 0.139450 0.045568 0.078063
3 0.767570 0.361247 0.036478 0.183741
3 0.739276 0.381616 0.038816 0.182910
3 0.727818 0.429838 0.034607 0.226143
3 0.695549 0.466004 0.057055 0.240277
3 0.658369 0.280184 0.028528 0.128037
0 0.666086 0.120970 0.018707 0.032425
3 0.642001 0.370392 0.034140 0.160462
3 0.622593 0.313025 0.042090 0.173764
3 0.559692 0.348360 0.062200 0.191224
3 0.526955 0.279769 0.023851 0.173764
3 0.504039 0.325912 0.030398 0.167944
