2 0.709321 0.331093 0.035859 0.079990
0 0.125916 0.330279 0.049305 0.211403
4 0.853291 0.530176 0.033169 0.226639
3 0.262609 0.393865 0.030480 0.192357
0 0.369175 0.604162 0.020595 0.043755
3 0.347003 0.593682 0.073476 0.222322
3 0.421649 0.574825 0.083495 0.221139
3 0.417255 0.420344 0.054550 0.198670
3 0.560838 0.333015 0.026718 0.153733
3 0.603623 0.403837 0.037851 0.189210
3 0.629399 0.394075 0.018926 0.158463
3 0.638893 0.426008 0.038408 0.179749
3 0.663734 0.566817 0.055107 0.250703
3 0.744775 0.644793 0.047314 0.267259
