2 0.737582 0.164755 0.038952 0.072778
0 0.016758 0.392620 0.033517 0.192342
4 0.947439 0.406482 0.036031 0.206205
3 0.187379 0.434207 0.033110 0.175014
0 0.352050 0.707422 0.022372 0.039810
3 0.322724 0.700428 0.079815 0.202277
3 0.413423 0.642866 0.090699 0.201201
3 0.385004 0.413153 0.059257 0.180758
3 0.551890 0.225939 0.029024 0.139872
3 0.615984 0.315242 0.041117 0.172150
3 0.646822 0.290495 0.020558 0.144176
3 0.663450 0.334609 0.041722 0.163543
3 0.715450 0.535810 0.059861 0.228099
3 0.828522 0.620809 0.051396 0.243162
