4 0.744977 0.813262 0.090911 0.416042
4 0.335758 0.271570 0.033869 0.205223
2 0.366946 0.179782 0.049021 0.098880
3 0.265781 0.332770 0.039242 0.232739
3 0.290080 0.354895 0.041758 0.231686
3 0.296633 0.395020 0.037230 0.286448
3 0.323283 0.430339 0.061379 0.304351
3 0.372691 0.293669 0.030690 0.162180
0 0.378698 0.167834 0.020124 0.041072
3 0.380300 0.367612 0.036727 0.203251
3 0.402834 0.327169 0.045280 0.220101
3 0.457671 0.368600 0.066913 0.242217
3 0.493363 0.322347 0.025658 0.220101
3 0.510605 0.363380 0.032702 0.212730
