4 0.124291 0.269293 0.056774 0.222312
4 0.902591 0.434428 0.046452 0.257152
0 0.683943 0.198328 0.014624 0.028204
2 0.683950 0.216030 0.040430 0.079634
3 0.395657 0.262160 0.022822 0.147965
3 0.416681 0.271722 0.032048 0.178869
3 0.493468 0.316859 0.029620 0.168568
3 0.525363 0.320698 0.035447 0.194790
3 0.505239 0.492571 0.044672 0.274391
3 0.570634 0.459366 0.069436 0.260344
3 0.664769 0.424810 0.038360 0.237868
3 0.689413 0.439248 0.044187 0.225694
3 0.727369 0.458988 0.049043 0.234122
3 0.690389 0.467859 0.034475 0.235995
