4 0.15990057995028997 0.3085703765074105 0.07125103562551781 0.14287029365736903
3 0.17067108533554265 0.5184571481174629 0.06462303231151614 0.17969253429071158
3 0.4059652029826015 0.3262450520114149 0.05799502899751445 0.14287029365736906
3 0.5008285004142502 0.31004326613274413 0.028997514498757298 0.12814139740403202
3 0.5219552609776305 0.34318328270275245 0.03148301574150793 0.14434318328270274
3 0.5894780447390224 0.5361318236214675 0.06379453189726604 0.1944214305440486
0 0.6615575807787902 0.3070974868820768 0.01242750621375322 0.02209334438000553
3 0.703811101905551 0.37558685446009393 0.0637945318972659 0.15318052103470495
3 0.5944490472245236 0.3976801988400995 0.035625517812758856 0.13845162478136794
3 0.571665285832643 0.30562459725674307 0.0331400165700083 0.11930405965202982
2 0.9846727423363711 0.2275614471140569 0.028997514498757225 0.04565957838534473
3 0.7808616404308202 0.6230323115161558 0.06876553438276715 0.21798766454938778
