4 0.795360 0.818190 0.084507 0.328454
4 0.299917 0.263647 0.031483 0.162018
2 0.322767 0.139450 0.045568 0.078063
3 0.232430 0.361247 0.036478 0.183741
3 0.260724 0.381616 0.038816 0.182910
3 0.272182 0.429838 0.034607 0.226143
3 0.304451 0.466004 0.057055 0.240277
3 0.341631 0.280184 0.028528 0.128037
0 0.333914 0.120970 0.018707 0.032425
3 0.357999 0.370392 0.034140 0.160462
3 0.377407 0.313025 0.042090 0.173764
3 0.440308 0.348360 0.062200 0.191224
3 0.473045 0.279769 0.023851 0.173764
3 0.495961 0.325912 0.030398 0.167944
