0 0.12593206296603146 0.5302402651201326 0.016570008285004132 0.04418668876001099
4 0.7829328914664457 0.2607014636840652 0.02154101077050541 0.08837337752002213
2 0.7928748964374482 0.18926631685538062 0.03479701739850867 0.05449691613734697
3 0.08036454018227009 0.4867900211727884 0.05633802816901408 0.16938230691337572
3 0.347970173985087 0.7430728159808524 0.06959403479701745 0.22829789192672365
3 0.4258492129246065 0.4072539814047685 0.04805302402651201 0.17527386541471046
3 0.5832642916321459 0.5361318236214673 0.04308202154101068 0.2150418852987204
3 0.6296603148301574 0.24449967780539444 0.019884009942005038 0.12961428702936573
3 0.6607290803645403 0.2879499217527387 0.02568351284175634 0.1340329559053669
3 0.9415907207953605 0.5884194053208137 0.035625517812759 0.2341894504280585
3 0.7655343827671914 0.4536500046027801 0.04308202154101082 0.18558409279204646
3 0.7423363711681855 0.35717573414342263 0.02319801159900578 0.14581607290803647
3 0.7833471416735708 0.3682224063334254 0.032311516155757974 0.1561263002853724
