0 0.8380281690140845 0.49047224523612265 0.024026512013256108 0.032403571757341466
4 0.1698425849212925 0.2673294669980668 0.051367025683512854 0.14581607290803641
3 0.8653686826843413 0.5324495995581331 0.057166528583264264 0.19884009942004965
3 0.8960231980115989 0.4595415631041149 0.07207953603976805 0.14728896253337012
3 0.6346313173156587 0.48826291079812206 0.04805302402651208 0.17232808616404313
3 0.555923777961889 0.2842676976894044 0.04308202154101082 0.1296142870293657
3 0.4258492129246065 0.251864125932063 0.03811101905550949 0.12077694927736353
3 0.19552609776304888 0.44628555647611157 0.04805302402651201 0.1826383135413789
3 0.3032311516155758 0.4175642087821043 0.046396023198011595 0.18116542391604532
3 0.30695940347970174 0.37190463039675964 0.033968516984258554 0.14876185215870386
3 0.28500414250207123 0.6178771978274878 0.08782104391052194 0.21946055417472146
3 0.2622203811101906 0.794623952867532 0.10521955260977628 0.2931050354414066
