4 0.069180 0.370432 0.050539 0.178220
2 0.668600 0.184848 0.039768 0.063334
4 0.864126 0.401362 0.034797 0.201786
3 0.239437 0.633343 0.041425 0.209150
0 0.247307 0.663537 0.025684 0.033876
3 0.256007 0.340974 0.028169 0.145816
3 0.334714 0.582528 0.054681 0.228298
3 0.404308 0.370432 0.034797 0.175274
3 0.529412 0.246709 0.021541 0.136979
3 0.586578 0.335819 0.041425 0.156126
3 0.658985 0.418123 0.048882 0.204732
3 0.702716 0.372679 0.034981 0.176508
3 0.737698 0.389598 0.027779 0.149986
3 0.764706 0.414291 0.043727 0.177422
