4 0.930820 0.370432 0.050539 0.178220
2 0.331400 0.184848 0.039768 0.063334
4 0.135874 0.401362 0.034797 0.201786
3 0.760563 0.633343 0.041425 0.209150
0 0.752693 0.663537 0.025684 0.033876
3 0.743993 0.340974 0.028169 0.145816
3 0.665286 0.582528 0.054681 0.228298
3 0.595692 0.370432 0.034797 0.175274
3 0.470588 0.246709 0.021541 0.136979
3 0.413422 0.335819 0.041425 0.156126
3 0.341015 0.418123 0.048882 0.204732
3 0.297284 0.372679 0.034981 0.176508
3 0.262302 0.389598 0.027779 0.149986
3 0.235294 0.414291 0.043727 0.177422
