4 0.157415 0.396944 0.038111 0.190003
2 0.342999 0.201786 0.038111 0.055970
4 0.913422 0.340238 0.045568 0.150235
0 0.660315 0.343920 0.016570 0.030931
3 0.652444 0.494891 0.058824 0.170855
3 0.247722 0.578846 0.089478 0.229771
3 0.326429 0.481635 0.036454 0.182638
3 0.328915 0.388843 0.028169 0.126669
3 0.389809 0.367486 0.040597 0.151708
3 0.552196 0.406518 0.052196 0.135506
3 0.647887 0.336555 0.038111 0.101629
3 0.603563 0.336555 0.037283 0.136979
3 0.562552 0.293105 0.038111 0.108994
3 0.520298 0.309307 0.036454 0.135506
