4 0.790197 0.823021 0.048522 0.358647
4 0.330251 0.305565 0.031760 0.165806
2 0.379856 0.234987 0.039700 0.070288
0 0.252052 0.469122 0.019422 0.033572
3 0.269050 0.480146 0.037847 0.210585
3 0.522722 0.565050 0.064739 0.275694
3 0.534286 0.396411 0.050297 0.179048
3 0.513175 0.373919 0.023406 0.186170
3 0.466724 0.290373 0.040337 0.090541
3 0.463533 0.376766 0.032867 0.194308
3 0.398565 0.429246 0.071213 0.194308
3 0.355963 0.435249 0.045317 0.181083
3 0.319069 0.421174 0.036353 0.151581
3 0.309404 0.477110 0.045317 0.193291
