4 0.189190 0.246191 0.032011 0.227298
4 0.932927 0.632240 0.024694 0.313302
3 0.456410 0.570870 0.056221 0.334398
3 0.409465 0.329667 0.044295 0.231409
0 0.618418 0.322163 0.019308 0.035601
2 0.693424 0.312699 0.044295 0.091546
3 0.555479 0.534461 0.071554 0.296254
3 0.833192 0.535659 0.055085 0.250481
3 0.745204 0.511897 0.052813 0.282268
3 0.717552 0.508162 0.072122 0.308969
3 0.670204 0.522717 0.053381 0.317869
3 0.641187 0.455894 0.059628 0.272096
3 0.603923 0.402150 0.049406 0.291168
3 0.588558 0.403647 0.051110 0.250481
