2 0.701740 0.215042 0.033140 0.061861
0 0.079950 0.408727 0.045568 0.163491
4 0.880282 0.420510 0.030655 0.175274
3 0.233637 0.444076 0.028169 0.148762
0 0.373736 0.676309 0.019034 0.033838
3 0.348786 0.670364 0.067905 0.171935
3 0.425951 0.621436 0.077165 0.171021
3 0.401773 0.426180 0.050414 0.153644
3 0.543756 0.267048 0.024693 0.118891
3 0.598286 0.342956 0.034981 0.146328
3 0.624522 0.321921 0.017491 0.122550
3 0.638669 0.359418 0.035496 0.139011
3 0.682911 0.530438 0.050929 0.193884
3 0.779110 0.602688 0.043727 0.206688
