3 0.3570836785418393 0.41240909509343643 0.05302402651201327 0.19147565129338118
3 0.4850869925434963 0.4374482187241094 0.038939519469759744 0.1885298720427138
3 0.5190555095277547 0.3026788180060756 0.01905550952775478 0.14581607290803641
3 0.5227837613918807 0.26143790849673204 0.024855012427506224 0.13403295590536682
3 0.5621375310687655 0.3417103930774188 0.027340513670256784 0.16201785878670724
3 0.5985915492957746 0.3512841756420878 0.038939519469759744 0.157599189910706
4 0.7394366197183099 0.42787443615944026 0.035625517812758856 0.20473165792138454
3 0.7982601491300747 0.6289238700174906 0.040596520298260115 0.2032587682960508
2 0.6549295774647887 0.2003129890453834 0.040596520298260115 0.04713246801067843
3 0.6267605633802816 0.5339224891834669 0.05385252692626338 0.19884009942004974
