4 0.24647887323943662 0.2673294669980668 0.03562551781275893 0.1723280861640431
0 0.4217067108533555 0.33140016570008285 0.014913007456503778 0.032403571757341466
3 0.4146644573322287 0.28721347694007177 0.033968516984258484 0.11193961152536129
3 0.48011599005799505 0.296050814692074 0.04225352112676063 0.13845162478136794
3 0.8421706710853356 0.5265580410567984 0.04225352112676063 0.2253521126760564
3 0.8492129246064622 0.4610144527294486 0.03811101905550942 0.17969253429071158
2 0.8645401822700911 0.15318052103470495 0.043910521955261 0.07069870201601766
3 0.6549295774647886 0.46322378716744916 0.03728251864125923 0.19294854091871486
3 0.6756420878210441 0.37632329927276076 0.032311516155757974 0.19884009942004968
3 0.7816901408450704 0.33508238976341714 0.04225352112676063 0.19294854091871494
3 0.7787903893951947 0.3041517076314094 0.04639602319801156 0.1693823069133757
3 0.5965202982601491 0.2305072263647243 0.03645401822700912 0.13108717665469946
3 0.6313173156586579 0.25922857405873145 0.03314001657000837 0.17380097578937675
