2 0.660986 0.278018 0.036890 0.063997
4 0.390348 0.775425 0.065875 0.350095
4 0.669207 0.364407 0.035134 0.177770
0 0.276104 0.438408 0.021080 0.042665
3 0.294752 0.456706 0.043039 0.206213
3 0.364476 0.471194 0.053579 0.227545
3 0.509421 0.335669 0.026277 0.160554
3 0.553219 0.321097 0.021319 0.092319
3 0.537558 0.382309 0.022807 0.187648
3 0.561169 0.410046 0.026773 0.176609
3 0.548359 0.554379 0.067925 0.263911
3 0.570324 0.526287 0.043630 0.246852
3 0.702378 0.565277 0.041647 0.238824
3 0.741645 0.623055 0.039168 0.243842
