4 0.047880 0.241019 0.043943 0.206881
4 0.990463 0.355759 0.019073 0.252081
3 0.670399 0.579156 0.082026 0.330314
3 0.361825 0.552209 0.058590 0.269466
3 0.201679 0.415737 0.060543 0.222527
3 0.322765 0.306212 0.054684 0.205142
3 0.468752 0.305343 0.059567 0.161680
3 0.548337 0.267096 0.044919 0.203404
3 0.602533 0.267096 0.038084 0.238173
3 0.693347 0.322728 0.055661 0.182542
0 0.645987 0.334898 0.017577 0.036508
3 0.646475 0.303605 0.036131 0.182542
3 0.660634 0.262750 0.037107 0.177326
2 0.733384 0.087162 0.061520 0.086925
