4 0.883596 0.280585 0.037283 0.175274
4 0.074979 0.377796 0.033969 0.213569
3 0.355427 0.567063 0.069594 0.279849
3 0.617233 0.544233 0.049710 0.228298
3 0.753107 0.428611 0.051367 0.188530
3 0.650373 0.335819 0.046396 0.173801
3 0.526512 0.335082 0.050539 0.136979
3 0.458989 0.302679 0.038111 0.172328
3 0.413007 0.302679 0.032312 0.201786
3 0.335957 0.349811 0.047225 0.154653
0 0.376139 0.360122 0.014913 0.030931
3 0.375725 0.333610 0.030655 0.154653
3 0.363712 0.298997 0.031483 0.150235
2 0.301988 0.150235 0.052196 0.073644
