3 0.212145 0.516731 0.045371 0.236202
3 0.297800 0.423627 0.056713 0.227518
3 0.561526 0.550487 0.061949 0.286569
4 0.681705 0.557335 0.041881 0.284832
4 0.891102 0.471045 0.042753 0.248360
4 0.150213 0.269030 0.043626 0.208414
3 0.557004 0.343756 0.047988 0.206677
3 0.611639 0.420686 0.041881 0.244886
3 0.646256 0.339796 0.031411 0.244886
3 0.670169 0.390881 0.035773 0.201467
3 0.742283 0.460678 0.037518 0.208414
3 0.744249 0.395068 0.053223 0.175415
2 0.695982 0.233794 0.047116 0.085102
0 0.808782 0.435969 0.018323 0.032999
