4 0.062552 0.413882 0.032312 0.188530
4 0.870340 0.333610 0.060481 0.145816
2 0.283761 0.190003 0.033969 0.061861
3 0.695112 0.589892 0.049710 0.184111
3 0.738194 0.417564 0.043082 0.136979
3 0.711682 0.382215 0.051367 0.145816
3 0.645816 0.344656 0.057167 0.159072
3 0.558409 0.378533 0.048053 0.147289
3 0.439519 0.304152 0.042254 0.131087
3 0.406379 0.380006 0.033969 0.144343
3 0.373654 0.410936 0.039768 0.147289
3 0.317316 0.434502 0.034797 0.147289
0 0.214532 0.342767 0.014880 0.027966
3 0.234514 0.368087 0.056545 0.196515
