4 0.151474 0.616469 0.067600 0.298220
2 0.307122 0.249258 0.036721 0.056380
4 0.785306 0.401196 0.033631 0.165180
0 0.630545 0.407276 0.011400 0.023308
3 0.635960 0.506080 0.042752 0.196594
3 0.635390 0.387516 0.033631 0.109444
3 0.559862 0.487333 0.042182 0.187474
3 0.514831 0.442744 0.042182 0.146939
3 0.458968 0.543068 0.046742 0.246250
3 0.431037 0.383969 0.047882 0.128698
3 0.423627 0.453892 0.041042 0.173287
4 0.306202 0.381942 0.030781 0.138832
3 0.329573 0.459972 0.036481 0.201661
3 0.384296 0.478719 0.026221 0.204701
3 0.360640 0.470612 0.046172 0.176327
