0 0.411442878338279 0.5037091988130564 0.018360534124629027 0.03709198813056389
2 0.5775222551928784 0.24035608308605344 0.03338278931750743 0.04747774480712166
4 0.7861646884272997 0.53486646884273 0.05508160237388722 0.2002967359050446
4 0.07093842729970326 0.4035608308605342 0.043397626112759644 0.1691394658753709
3 0.25412648367952523 0.4762611275964392 0.03421735905044514 0.17507418397626104
3 0.35302299703264095 0.4614243323442136 0.030044510385756666 0.18397626112759646
3 0.3634551186943621 0.3879821958456974 0.03421735905044507 0.14688427299703272
3 0.43314169139465875 0.3746290801186944 0.03338278931750743 0.13204747774480713
3 0.4314725519287833 0.5155786350148368 0.053412462908011875 0.1824925816023739
3 0.5378801928783382 0.4117210682492582 0.03254821958456972 0.09940652818991098
3 0.5558234421364986 0.5333827893175074 0.08011869436201792 0.17952522255192874
3 0.5115912462908012 0.6001483679525222 0.08846439169139472 0.22700296735905048
3 0.5103393916913948 0.4198813056379822 0.03588649851632049 0.15430267062314543
3 0.46568991097922846 0.49629080118694363 0.04339762611275965 0.1824925816023739
