2 0.5766876854599406 0.24480712166172108 0.03338278931750736 0.03857566765578639
4 0.7786535608308606 0.5534124629080119 0.06175816023738861 0.2700296735905045
0 0.5091413034365144 0.3058033271944028 0.01026423204703434 0.01761829868609727
4 0.4926831382576489 0.3281408130285619 0.024067854455114956 0.071102419697464
3 0.34916085911722033 0.4102546694048367 0.03362420842994013 0.1698907373302238
3 0.540287938613722 0.3775349718449417 0.020882403130173442 0.14346328930107774
3 0.5289618894583739 0.42000765617749763 0.03928723300761433 0.1591939131279505
3 0.4880819307882887 0.4671995276581153 0.031146635177207713 0.18058756153249717
3 0.3972965680274504 0.4366821174339826 0.03362420842994013 0.17366608704867317
3 0.42472684332555943 0.41465924407636096 0.023359976382905785 0.1623400378933249
3 0.44667106356404673 0.4363675049574452 0.0268993667439522 0.17555376190789793
3 0.4624213506707029 0.3960971079606514 0.020174525057964132 0.17051996228329858
