4 0.226771 0.538576 0.045901 0.195846
4 0.409125 0.363501 0.035052 0.133531
4 0.936155 0.410979 0.040894 0.169139
0 0.766738 0.304896 0.012519 0.022255
3 0.765069 0.388724 0.029210 0.136499
3 0.713325 0.412463 0.052578 0.121662
2 0.422478 0.242582 0.033383 0.037092
3 0.674518 0.465134 0.063427 0.188427
3 0.466293 0.478487 0.064262 0.188427
3 0.517619 0.531899 0.063427 0.197329
3 0.607752 0.488872 0.033383 0.185460
3 0.578542 0.454748 0.030045 0.161721
3 0.543490 0.420623 0.025037 0.176558
3 0.570197 0.368694 0.038390 0.087537
