4 0.740263 0.577893 0.053412 0.247774
4 0.025872 0.396884 0.036721 0.194362
3 0.313983 0.409955 0.031563 0.128137
3 0.590986 0.410374 0.039101 0.160800
2 0.575675 0.245387 0.034861 0.041875
0 0.414326 0.302337 0.014604 0.023450
4 0.482635 0.319087 0.026852 0.090450
3 0.457902 0.421262 0.037687 0.123950
3 0.414091 0.433405 0.016959 0.149912
3 0.429637 0.427543 0.022612 0.171687
3 0.505012 0.362218 0.026381 0.133162
3 0.517024 0.397393 0.038159 0.154937
3 0.538459 0.407862 0.016017 0.165825
3 0.555654 0.419587 0.022141 0.172525
