4 0.624173 0.619549 0.076010 0.328692
3 0.011128 0.350204 0.022255 0.158868
2 0.619037 0.185858 0.039032 0.063912
3 0.178954 0.461463 0.035078 0.226769
3 0.211162 0.436518 0.038267 0.217698
3 0.332342 0.524391 0.048472 0.268721
3 0.525273 0.458628 0.045283 0.225635
3 0.576615 0.443888 0.044645 0.232438
3 0.638799 0.405904 0.049110 0.199557
4 0.535796 0.358283 0.042094 0.170077
3 0.482222 0.370755 0.036992 0.190486
3 0.433750 0.376991 0.039543 0.187084
0 0.400904 0.431416 0.018496 0.035149
3 0.394845 0.391165 0.039543 0.176880
3 0.387830 0.434251 0.035716 0.190486
