4 0.935738 0.609792 0.068435 0.275964
4 0.197561 0.394659 0.029210 0.148368
2 0.695799 0.252967 0.032548 0.048961
4 0.702893 0.380564 0.030045 0.143917
0 0.482567 0.547478 0.020030 0.041543
3 0.617767 0.521513 0.033383 0.200297
3 0.309811 0.430267 0.043398 0.151335
3 0.461703 0.438427 0.030045 0.164688
3 0.611091 0.368694 0.026706 0.081602
3 0.596486 0.435460 0.032548 0.126113
3 0.523461 0.359792 0.021699 0.078635
3 0.529720 0.395401 0.042563 0.084570
3 0.550167 0.511128 0.046736 0.173591
3 0.511359 0.531157 0.055916 0.175074
