2 0.3434254451038576 0.25296735905044515 0.030879080118694304 0.05192878338278934
4 0.8141227744807122 0.3961424332344214 0.03254821958456972 0.1364985163204748
4 0.11039975769236315 0.6099509790906678 0.07467292877183031 0.29691831219876197
4 0.30534740379897357 0.35204753044020726 0.03249127435110179 0.0729628617007198
3 0.29166686723008867 0.4599717633725218 0.03021118492295418 0.17328679653920923
3 0.4906046698359572 0.41082316903245364 0.049591945062207966 0.13781873876802606
3 0.6006189847440736 0.5395215500878896 0.05073198977628181 0.23307580821063228
3 0.5535921402885315 0.44679791334322516 0.04446174384887613 0.18544727348932916
3 0.5855133922825964 0.4057563036365703 0.02964116256591737 0.13579199260967273
0 0.35949952771747645 0.3667414400882688 0.015390603639995533 0.03141456545447653
3 0.4133666404574609 0.4169034075075136 0.051302012133318586 0.18240715425179915
3 0.4013961709596866 0.4356508094722819 0.047881877991097284 0.18342052733097589
3 0.352659259433034 0.4640252556892285 0.04047158734961798 0.177340288855916
3 0.3421138458278518 0.35711439583609056 0.021660849567401216 0.060802384750599715
3 0.3290033316160037 0.4498380325807551 0.03192125199406487 0.18342052733097575
