2 0.104924 0.261128 0.049240 0.059347
4 0.446680 0.696588 0.083457 0.292285
4 0.882326 0.393175 0.053412 0.139466
3 0.805128 0.463650 0.045901 0.179525
3 0.746291 0.521513 0.090134 0.244807
3 0.709152 0.422849 0.059254 0.192878
3 0.563520 0.471810 0.053412 0.195846
3 0.642387 0.517062 0.110998 0.197329
3 0.631537 0.415430 0.055916 0.142433
3 0.451270 0.453264 0.050909 0.182493
0 0.434162 0.415430 0.015022 0.026706
4 0.341524 0.373145 0.046736 0.140950
3 0.395772 0.517062 0.053412 0.194362
3 0.373238 0.486647 0.040059 0.151335
3 0.414132 0.387240 0.018361 0.065282
