2 0.8950760385756678 0.2611275964391691 0.049239614243323473 0.059347181008902086
4 0.5533197329376855 0.6965875370919881 0.08345697329376854 0.2922848664688427
4 0.11767433234421365 0.39317507418397624 0.053412462908011854 0.13946587537091987
3 0.19487203264094957 0.4636498516320474 0.04590133531157271 0.17952522255192874
3 0.25370919881305637 0.521513353115727 0.09013353115727 0.24480712166172103
3 0.2908475519287834 0.42284866468842736 0.0592544510385757 0.19287833827893175
3 0.43647997032640956 0.47181008902077154 0.053412462908011875 0.19584569732937687
3 0.3576131305637982 0.5170623145400594 0.11099777448071216 0.19732937685459936
3 0.3684625370919882 0.41543026706231456 0.05591617210682493 0.14243323442136493
3 0.5487295994065282 0.4532640949554896 0.05090875370919882 0.1824925816023738
0 0.5658382789317509 0.41543026706231456 0.015022255192878333 0.026706231454005903
4 0.6584755192878339 0.3731454005934719 0.04673590504451042 0.14094955489614244
3 0.6042284866468843 0.5170623145400594 0.053412462908011875 0.1943620178041543
3 0.6267618694362018 0.48664688427299707 0.04005934718100889 0.15133531157270036
3 0.5858679525222552 0.38724035608308605 0.01836053412462917 0.06528189910979236
