2 0.264376 0.203264 0.043458 0.061146
0 0.265892 0.284192 0.022234 0.032371
4 0.482674 0.760768 0.112181 0.341696
4 0.901081 0.401987 0.049521 0.185235
4 0.182008 0.386701 0.050532 0.165453
3 0.227993 0.375011 0.043458 0.289542
3 0.153710 0.535069 0.050532 0.278752
3 0.107726 0.520682 0.059628 0.267962
3 0.277009 0.464032 0.052553 0.237389
3 0.376052 0.431661 0.032341 0.176243
3 0.413951 0.446947 0.035372 0.217606
3 0.453366 0.389398 0.039415 0.185235
3 0.631239 0.412778 0.045479 0.217606
3 0.552914 0.624090 0.066702 0.302131
3 0.502382 0.561146 0.056596 0.255373
