0 0.545485 0.345596 0.018375 0.041444
4 0.093067 0.336072 0.035000 0.174411
4 0.727633 0.623749 0.094499 0.367817
4 0.637346 0.421086 0.038500 0.158869
3 0.585573 0.444555 0.043750 0.167503
3 0.311019 0.382151 0.050750 0.150235
3 0.371108 0.438781 0.043554 0.208243
3 0.415456 0.517506 0.052983 0.255209
3 0.446080 0.509696 0.047146 0.196723
3 0.528565 0.430292 0.037717 0.166595
3 0.492479 0.460924 0.031880 0.202040
3 0.501464 0.447840 0.070495 0.209129
3 0.419597 0.403142 0.059718 0.116971
3 0.423588 0.370567 0.037268 0.093045
2 0.584751 0.297168 0.042000 0.063893
