4 0.050340 0.651450 0.087314 0.385490
2 0.251378 0.176779 0.047430 0.072879
4 0.869013 0.373180 0.043439 0.213518
0 0.669120 0.381039 0.014725 0.030128
3 0.676114 0.508757 0.055219 0.254126
3 0.675378 0.355496 0.043439 0.141472
3 0.577824 0.484524 0.054483 0.242336
3 0.519660 0.426887 0.054483 0.189939
3 0.447507 0.556570 0.060373 0.318312
3 0.411431 0.350911 0.061845 0.166361
3 0.401859 0.441296 0.053010 0.223997
4 0.250191 0.348291 0.039758 0.179460
3 0.280377 0.449156 0.047120 0.260675
3 0.351058 0.473389 0.033868 0.264605
3 0.320503 0.462910 0.059637 0.227927
