0 0.411443 0.503709 0.018361 0.037092
2 0.577522 0.240356 0.033383 0.047478
4 0.786165 0.534866 0.055082 0.200297
4 0.070938 0.403561 0.043398 0.169139
3 0.254126 0.476261 0.034217 0.175074
3 0.353023 0.461424 0.030045 0.183976
3 0.363455 0.387982 0.034217 0.146884
3 0.433142 0.374629 0.033383 0.132047
3 0.431473 0.515579 0.053412 0.182493
3 0.537880 0.411721 0.032548 0.099407
3 0.555823 0.533383 0.080119 0.179525
3 0.511591 0.600148 0.088464 0.227003
3 0.510339 0.419881 0.035886 0.154303
3 0.465690 0.496291 0.043398 0.182493
