4 0.08011869436201781 0.4043026706231454 0.035051928783382785 0.15578635014836792
2 0.5754358308605342 0.24406528189910978 0.03254821958456979 0.040059347181008925
0 0.565003709198813 0.29451038575667654 0.01669139465875368 0.022255192878338263
3 0.33488813475916257 0.3901486354830149 0.029071140208880523 0.14389897724308603
4 0.6851668731583207 0.5816761474474041 0.08322326412738335 0.2188885851021591
3 0.7954661992449555 0.5061798530487427 0.07695301819997781 0.20774148123121577
3 0.45357287476808705 0.4058500947333124 0.032208452285521716 0.17240763714252347
3 0.5762127507783424 0.41214234426406143 0.031146635177207713 0.18625058611017128
4 0.614615136195695 0.33128693779393636 0.0208824031301733 0.04467497166831816
3 0.627356941495462 0.43699672991052013 0.02937693999668447 0.14786786397260215
3 0.5089643339184622 0.42850219304400883 0.033270269393835435 0.15982313808102538
3 0.6029351480042422 0.41654691893558565 0.02937693999668454 0.12836189042728016
