4 0.7569547477744807 0.5326409495548962 0.05508160237388722 0.22255192878338279
4 0.03338278931750742 0.39169139465875374 0.03338278931750742 0.18397626112759644
2 0.5508160237388724 0.2396142433234421 0.03505192878338285 0.03412462908011868
4 0.5929617952522256 0.3672106824925816 0.02920994065281896 0.12017804154302666
3 0.610487759643917 0.5445103857566767 0.07260756676557861 0.21661721068249265
3 0.5541543026706232 0.45845697329376855 0.041728486646884375 0.18397626112759638
3 0.20572143916913943 0.42433234421364985 0.04256305637982198 0.14540059347181014
3 0.28449297637567555 0.4698366094364525 0.03523774570773391 0.16213969266826603
3 0.2536599488814083 0.41824670722382246 0.03782875642153791 0.12344726600879341
3 0.3150669027985623 0.3694205497725832 0.043528979991906594 0.1363447415619509
0 0.2767199442342636 0.3362556126358925 0.011400447140737456 0.022109958091127167
3 0.36714621814602194 0.38462114596023317 0.036792352136016365 0.13542349330815395
3 0.4259621613493721 0.39843986976718765 0.033164937136690824 0.14647847235371764
3 0.40238396385375597 0.3689599256456848 0.02746471356632206 0.09673106664868143
3 0.3956473359978656 0.44726602721842695 0.05441122498988335 0.15016346536890546
