2 0.656575 0.252967 0.030879 0.051929
4 0.185877 0.396142 0.032548 0.136499
4 0.889600 0.609951 0.074673 0.296918
4 0.694653 0.352048 0.032491 0.072963
3 0.708333 0.459972 0.030211 0.173287
3 0.509395 0.410823 0.049592 0.137819
3 0.399381 0.539522 0.050732 0.233076
3 0.446408 0.446798 0.044462 0.185447
3 0.414487 0.405756 0.029641 0.135792
0 0.640500 0.366741 0.015391 0.031415
3 0.586633 0.416903 0.051302 0.182407
3 0.598604 0.435651 0.047882 0.183421
3 0.647341 0.464025 0.040472 0.177340
3 0.657886 0.357114 0.021661 0.060802
3 0.670997 0.449838 0.031921 0.183421
