4 0.138910 0.377595 0.031307 0.168760
2 0.609471 0.213898 0.038897 0.054003
4 0.647894 0.602890 0.068307 0.295330
4 0.654535 0.353969 0.058820 0.151884
3 0.238758 0.423498 0.034823 0.188312
3 0.221114 0.461490 0.038538 0.209786
0 0.408927 0.442907 0.014858 0.025604
3 0.388962 0.527152 0.045502 0.233738
3 0.525237 0.463555 0.045038 0.208960
3 0.572597 0.459839 0.039466 0.178401
3 0.603241 0.460664 0.036681 0.188312
3 0.476252 0.394590 0.033430 0.147015
3 0.436090 0.392938 0.035752 0.158578
3 0.401731 0.385092 0.032037 0.088374
3 0.394302 0.392112 0.029252 0.074334
