4 0.204379 0.683674 0.074360 0.408395
2 0.300504 0.377263 0.040393 0.077209
4 0.741603 0.347179 0.036994 0.226205
0 0.605137 0.396250 0.012540 0.031918
3 0.621189 0.465021 0.047027 0.269225
3 0.607181 0.380782 0.036994 0.149878
3 0.551611 0.473676 0.046400 0.256735
3 0.506623 0.454953 0.046400 0.201225
3 0.468540 0.542522 0.051416 0.337225
3 0.425667 0.437337 0.052670 0.176245
3 0.427063 0.489256 0.045146 0.237307
4 0.314800 0.471985 0.033859 0.190123
3 0.344399 0.520776 0.040130 0.276164
3 0.395032 0.518302 0.028843 0.280327
3 0.373144 0.519369 0.050789 0.241470
