0 0.543008 0.289688 0.019696 0.040059
4 0.015228 0.367303 0.030455 0.168583
4 0.776073 0.616005 0.101291 0.355527
4 0.656023 0.369807 0.041267 0.153561
3 0.596937 0.410701 0.046894 0.161907
3 0.270553 0.383995 0.054397 0.145215
3 0.344986 0.445852 0.046684 0.201285
3 0.402499 0.539642 0.056791 0.246681
3 0.437873 0.523368 0.050535 0.190150
3 0.529076 0.403454 0.040428 0.161028
3 0.488889 0.450563 0.034171 0.195289
3 0.498515 0.431719 0.075561 0.202142
3 0.399371 0.389749 0.064011 0.113062
3 0.401777 0.346494 0.039946 0.089936
2 0.585682 0.218750 0.045018 0.061758
