0 0.39850704747774485 0.49554896142433236 0.017525964391691316 0.026706231454005903
3 0.3526057121661721 0.45697329376854595 0.05591617210682493 0.13946587537091992
3 0.41811943620178044 0.4480712166172107 0.053412462908011805 0.142433234421365
3 0.4948830463365576 0.46338787165987383 0.07565751284307573 0.16398218917585994
3 0.5220886588314992 0.4127192177010407 0.048192799276753746 0.11791977648601168
3 0.7317014255782402 0.5025409224462449 0.06943908712994627 0.1962258780587537
3 0.6741809877317921 0.4113373453203452 0.0611478528457738 0.16490343742965685
3 0.5796090966779474 0.5011590500655494 0.0502656078477969 0.189777140282175
3 0.6070738102442693 0.514056525618707 0.08446694927000926 0.1934621332973628
4 0.9323746203697166 0.6863299490787397 0.10208582212387625 0.2671619936011201
