4 0.019755 0.626875 0.039510 0.316897
4 0.847643 0.379831 0.033532 0.170375
2 0.275674 0.217124 0.037365 0.056224
4 0.267531 0.363646 0.034491 0.165263
0 0.520461 0.555317 0.022994 0.047705
3 0.365254 0.525502 0.038323 0.230006
3 0.718782 0.420721 0.049820 0.173782
3 0.544413 0.430092 0.034491 0.189116
3 0.372919 0.350016 0.030658 0.093706
3 0.389685 0.426684 0.037365 0.144818
3 0.473516 0.339793 0.024910 0.090299
3 0.466330 0.380683 0.048862 0.097114
3 0.442858 0.513576 0.053652 0.199338
3 0.487408 0.536576 0.064191 0.201042
