4 0.7231546735905041 0.5630563798219584 0.05925445103857592 0.2655786350148367
4 0.5245270771513354 0.3694362017804154 0.04256305637982195 0.11869436201780417
0 0.18318805637982194 0.543026706231454 0.019195103857566773 0.03560830860534125
3 0.16649666172106825 0.5281899109792285 0.06426186943620177 0.1899109792284866
3 0.25412648367952523 0.435459940652819 0.027540801186943683 0.1498516320474777
3 0.24254451291918927 0.37241460659742337 0.02451096135258549 0.0942436963634296
3 0.27674585434140153 0.38457508354754333 0.023370916638511794 0.08208321941330965
3 0.2918514468028787 0.4859123914652095 0.05130201213331855 0.16112631958908935
3 0.33916330243693915 0.3921753816413683 0.038761520278507364 0.13376524645131938
3 0.408991041173956 0.41750970862078474 0.04161163206369167 0.18646064656850578
3 0.4662782880561618 0.5426612838991026 0.05130201213331851 0.2117949735479224
3 0.47938880226800973 0.49756618187574114 0.06954272755849843 0.20672810815203901
2 0.5003245548961425 0.2462908011869436 0.03588649851632049 0.04451038575667656
