4 0.734051 0.558962 0.049710 0.260701
4 0.081607 0.396207 0.030655 0.147289
3 0.293703 0.469115 0.035626 0.184111
3 0.306959 0.369695 0.035626 0.114885
3 0.396852 0.374114 0.023198 0.097211
3 0.401408 0.457332 0.048882 0.157599
3 0.454432 0.397680 0.035626 0.176747
3 0.522370 0.410936 0.033969 0.164964
3 0.578708 0.488999 0.032312 0.191476
3 0.635046 0.530977 0.050539 0.228298
3 0.598592 0.352757 0.047225 0.175274
3 0.634631 0.348338 0.033140 0.148762
2 0.543082 0.244500 0.042254 0.044187
0 0.609776 0.211360 0.018227 0.030931
