4 0.746111 0.593094 0.049559 0.251335
4 0.594900 0.416250 0.037845 0.171365
4 0.109530 0.330313 0.044153 0.217062
0 0.273489 0.288170 0.013516 0.028561
3 0.267690 0.352954 0.031538 0.175173
3 0.312863 0.383208 0.056768 0.156133
2 0.593270 0.320259 0.036043 0.047601
3 0.343696 0.432682 0.068482 0.241815
3 0.532657 0.491303 0.069383 0.241815
3 0.481126 0.520412 0.068482 0.253239
3 0.402585 0.466425 0.036043 0.238007
3 0.432237 0.446995 0.032439 0.207542
3 0.467223 0.428922 0.027032 0.226583
3 0.447374 0.382828 0.041449 0.112339
