2 0.382560 0.275803 0.033581 0.068301
4 0.793798 0.502119 0.035396 0.179533
4 0.137439 0.483287 0.081207 0.390530
4 0.338551 0.340137 0.035334 0.095966
3 0.315718 0.417263 0.032855 0.227920
3 0.500170 0.431021 0.053931 0.181270
3 0.587043 0.555037 0.055171 0.306559
3 0.553569 0.473863 0.048352 0.243915
3 0.586384 0.451311 0.032235 0.178604
0 0.386035 0.364846 0.016737 0.041319
3 0.429819 0.415970 0.055791 0.239916
3 0.417187 0.426934 0.052072 0.241249
3 0.370413 0.435761 0.044013 0.233252
3 0.371266 0.353246 0.023556 0.079972
3 0.350424 0.419166 0.034714 0.241249
