4 0.064262 0.609792 0.068435 0.275964
4 0.802439 0.394659 0.029210 0.148368
2 0.304201 0.252967 0.032548 0.048961
4 0.297107 0.380564 0.030045 0.143917
0 0.517433 0.547478 0.020030 0.041543
3 0.382233 0.521513 0.033383 0.200297
3 0.690189 0.430267 0.043398 0.151335
3 0.538297 0.438427 0.030045 0.164688
3 0.388909 0.368694 0.026706 0.081602
3 0.403514 0.435460 0.032548 0.126113
3 0.476539 0.359792 0.021699 0.078635
3 0.470280 0.395401 0.042563 0.084570
3 0.449833 0.511128 0.046736 0.173591
3 0.488641 0.531157 0.055916 0.175074
