4 0.109705 0.655454 0.079827 0.253510
3 0.288195 0.585301 0.101354 0.272643
3 0.076967 0.488839 0.048434 0.197706
3 0.072482 0.356504 0.030496 0.054210
2 0.174733 0.231343 0.035877 0.068559
4 0.187738 0.369259 0.029599 0.143496
4 0.757292 0.382014 0.058301 0.181762
3 0.854161 0.498406 0.049331 0.220027
3 0.620958 0.554210 0.081621 0.264671
3 0.721863 0.488042 0.048434 0.202489
3 0.364883 0.440210 0.060992 0.218433
3 0.337078 0.370056 0.060992 0.173790
3 0.228997 0.479273 0.042156 0.200895
3 0.271602 0.393175 0.032290 0.194517
