4 0.788191 0.537327 0.061684 0.249203
2 0.557344 0.209210 0.039253 0.038211
4 0.604542 0.352087 0.032711 0.134570
3 0.624168 0.550618 0.081310 0.242557
3 0.561083 0.454260 0.046730 0.206008
3 0.170887 0.416049 0.047665 0.162812
3 0.259100 0.467002 0.039461 0.181556
3 0.224571 0.409234 0.042363 0.138230
3 0.293338 0.354561 0.048746 0.152672
0 0.250395 0.317425 0.012767 0.024758
3 0.351660 0.371582 0.041202 0.151641
3 0.417525 0.387056 0.037140 0.164019
3 0.391121 0.354045 0.030757 0.108315
3 0.383577 0.441729 0.060933 0.168146
