0 0.5378801928783383 0.3130563798219585 0.01752596439169139 0.03560830860534128
4 0.06509643916913946 0.3820474777448071 0.03338278931750742 0.1498516320474777
4 0.7452707715133531 0.6031157270029673 0.09013353115727014 0.3160237388724036
4 0.6384458456973294 0.38427299703264095 0.03672106824925819 0.1364985163204748
3 0.5858679525222551 0.4206231454005935 0.041728486646884166 0.14391691394658757
3 0.29543768545994065 0.39688427299703266 0.04840504451038576 0.129080118694362
3 0.36167083434833863 0.4518684616764454 0.041541824667600764 0.17892011540684863
3 0.41284864927388804 0.5352376218341047 0.05053541557501944 0.21927231164754218
3 0.44432621744985357 0.5207717401629125 0.04496795453709367 0.16902240689498044
3 0.5254826687334654 0.41418103311202414 0.035974363629674856 0.14313609232547897
3 0.4897224382206335 0.4560559537391587 0.030406902591749017 0.17359058005430414
3 0.4982877628943658 0.43930598548830496 0.06723779868879717 0.17968147760006928
3 0.4100649187549251 0.401999238020494 0.05695940908031851 0.10049980950512342
3 0.41220624992335814 0.363550447262852 0.03554609739598824 0.07994303028816638
2 0.575853115727003 0.25 0.04005934718100889 0.05489614243323441
