0 0.412242 0.500841 0.018533 0.038225
2 0.579401 0.250509 0.033696 0.048928
4 0.783110 0.542737 0.055598 0.206417
4 0.075963 0.393077 0.043804 0.174308
3 0.256689 0.469314 0.034538 0.180424
3 0.354800 0.457998 0.030326 0.189598
3 0.365872 0.387070 0.034538 0.151372
3 0.435034 0.376285 0.033696 0.136082
3 0.431963 0.512981 0.053913 0.188069
3 0.538410 0.415532 0.032853 0.102444
3 0.554960 0.534126 0.080870 0.185011
3 0.510474 0.597524 0.089294 0.233939
3 0.511047 0.422591 0.036223 0.159017
3 0.466051 0.495333 0.043804 0.188069
