0 0.537880 0.313056 0.017526 0.035608
4 0.065096 0.382047 0.033383 0.149852
4 0.745271 0.603116 0.090134 0.316024
4 0.638446 0.384273 0.036721 0.136499
3 0.585868 0.420623 0.041728 0.143917
3 0.295438 0.396884 0.048405 0.129080
3 0.361671 0.451868 0.041542 0.178920
3 0.412849 0.535238 0.050535 0.219272
3 0.444326 0.520772 0.044968 0.169022
3 0.525483 0.414181 0.035974 0.143136
3 0.489722 0.456056 0.030407 0.173591
3 0.498288 0.439306 0.067238 0.179681
3 0.410065 0.401999 0.056959 0.100500
3 0.412206 0.363550 0.035546 0.079943
2 0.575853 0.250000 0.040059 0.054896
