3 0.11433605341246292 0.392433234421365 0.02336795252225521 0.14688427299703263
3 0.14187685459940652 0.554154302670623 0.051743323442136474 0.2299703264094955
3 0.2382696587537092 0.46958456973293766 0.04256305637982195 0.19139465875370923
3 0.28917841246290804 0.47774480712166173 0.06760014836795257 0.2017804154302671
3 0.4736183234421365 0.4050445103857567 0.04423219584569736 0.14540059347181014
3 0.5683419881305638 0.4317507418397626 0.03505192878338285 0.16320474777448069
3 0.6225890207715135 0.4169139465875371 0.030044510385756666 0.1572700296735905
3 0.5992210682492582 0.4035608308605342 0.03505192878338271 0.1691394658753709
3 0.759041172106825 0.4213649851632047 0.03922477744807111 0.18397626112759638
4 0.798683234421365 0.38204747774480713 0.030044510385756666 0.12908011869436198
