4 0.7732288575667655 0.5385756676557863 0.04590133531157264 0.19584569732937696
4 0.5908753709198813 0.36350148367952523 0.03505192878338285 0.13353115727002973
4 0.06384458456973294 0.4109792284866469 0.04089391691394659 0.1691394658753709
0 0.23326224035608312 0.30489614243323443 0.012518545994065313 0.022255192878338263
3 0.23493137982195847 0.3887240356083086 0.029209940652819028 0.13649851632047472
3 0.28667470326409494 0.41246290801186947 0.052577893175074164 0.12166172106824931
2 0.5775222551928784 0.24258160237388726 0.03338278931750743 0.03709198813056382
3 0.3254821958456974 0.4651335311572701 0.06342729970326409 0.18842729970326416
3 0.5337073442136498 0.47848664688427306 0.06426186943620181 0.1884272997032641
3 0.4823813056379822 0.5318991097922848 0.06342729970326409 0.1973293768545993
3 0.39224777448071224 0.48887240356083084 0.03338278931750743 0.18545994065281896
3 0.4214577151335312 0.45474777448071213 0.030044510385756666 0.1617210682492582
3 0.45650964391691395 0.4206231454005935 0.025037091988130554 0.17655786350148367
3 0.429803412462908 0.36869436201780414 0.03839020771513353 0.08753709198813048
