4 0.600635 0.560988 0.065522 0.323071
3 0.116836 0.471668 0.027448 0.156151
2 0.573882 0.272640 0.033646 0.062819
3 0.253903 0.520624 0.030238 0.222891
3 0.277070 0.499293 0.032987 0.213975
3 0.373806 0.540173 0.041783 0.264126
3 0.516985 0.468161 0.039034 0.221776
3 0.555232 0.450838 0.038485 0.228463
3 0.600496 0.416437 0.042333 0.196144
4 0.519697 0.399734 0.036285 0.167168
3 0.479633 0.415872 0.031887 0.187228
3 0.443119 0.427107 0.034086 0.183885
0 0.421021 0.468183 0.015944 0.034548
3 0.414295 0.442237 0.034086 0.173855
3 0.411232 0.471982 0.030788 0.187228
