0 0.588557 0.503709 0.018361 0.037092
2 0.422478 0.240356 0.033383 0.047478
4 0.213835 0.534866 0.055082 0.200297
4 0.929062 0.403561 0.043398 0.169139
3 0.745874 0.476261 0.034217 0.175074
3 0.646977 0.461424 0.030045 0.183976
3 0.636545 0.387982 0.034217 0.146884
3 0.566858 0.374629 0.033383 0.132047
3 0.568527 0.515579 0.053412 0.182493
3 0.462120 0.411721 0.032548 0.099407
3 0.444177 0.533383 0.080119 0.179525
3 0.488409 0.600148 0.088464 0.227003
3 0.489661 0.419881 0.035886 0.154303
3 0.534310 0.496291 0.043398 0.182493
