4 0.194604 0.373601 0.028315 0.161968
2 0.600824 0.277560 0.035180 0.051830
4 0.623770 0.593302 0.061779 0.283445
4 0.635769 0.393617 0.053199 0.145772
3 0.278751 0.418072 0.031495 0.180734
3 0.262710 0.447291 0.034855 0.201344
0 0.423656 0.446558 0.013438 0.024573
3 0.404456 0.512798 0.041154 0.224332
3 0.522509 0.471965 0.040734 0.200551
3 0.563069 0.472560 0.035695 0.171221
3 0.589232 0.475543 0.033175 0.180734
3 0.482408 0.412795 0.030235 0.141099
3 0.448133 0.408428 0.032335 0.152197
3 0.418975 0.399517 0.028976 0.084818
3 0.412449 0.404601 0.026456 0.071342
