4 0.817647 0.391691 0.027541 0.148368
2 0.403700 0.247774 0.034217 0.047478
4 0.369900 0.589763 0.060089 0.259644
4 0.364058 0.370920 0.051743 0.133531
3 0.729812 0.432047 0.030634 0.165558
3 0.745333 0.465449 0.033901 0.184437
0 0.580115 0.449111 0.013070 0.022510
3 0.597679 0.523177 0.040028 0.205495
3 0.477799 0.467265 0.039619 0.183711
3 0.436138 0.463997 0.034718 0.156844
3 0.409180 0.464723 0.032267 0.165558
3 0.520890 0.406633 0.029408 0.129251
3 0.556221 0.405180 0.031450 0.139417
3 0.586446 0.398282 0.028183 0.077696
3 0.592982 0.404454 0.025732 0.065352
