2 0.305035 0.258902 0.030879 0.054896
4 0.063427 0.604599 0.065096 0.253709
4 0.753199 0.393175 0.037556 0.148368
4 0.294186 0.344955 0.022533 0.075668
3 0.165662 0.489614 0.044232 0.219585
3 0.616330 0.435460 0.030879 0.182493
3 0.591293 0.396142 0.020864 0.130564
3 0.474036 0.365727 0.026706 0.066766
3 0.479460 0.453264 0.064262 0.167656
3 0.370549 0.431009 0.035052 0.137982
3 0.336332 0.428783 0.026706 0.169139
3 0.283336 0.457715 0.049240 0.152819
3 0.309625 0.395401 0.015022 0.117211
3 0.306287 0.523739 0.035052 0.204748
