2 0.360363 0.270760 0.039756 0.071114
0 0.353044 0.317031 0.020340 0.037648
4 0.460039 0.643233 0.102625 0.397399
4 0.799467 0.547967 0.045303 0.215432
4 0.281816 0.353466 0.046227 0.192425
3 0.316236 0.358723 0.039756 0.336744
3 0.245958 0.430265 0.046227 0.324194
3 0.214248 0.410225 0.054548 0.311645
3 0.342376 0.421858 0.048076 0.276088
3 0.417260 0.429103 0.029585 0.204974
3 0.443038 0.447563 0.032359 0.253081
3 0.477482 0.425124 0.036057 0.215432
3 0.603493 0.484347 0.041605 0.253081
3 0.524968 0.583901 0.061020 0.351385
3 0.495022 0.535158 0.051775 0.297004
