4 0.136452 0.644659 0.074277 0.235905
3 0.302532 0.579377 0.094306 0.253709
3 0.105990 0.489614 0.045067 0.183976
3 0.101818 0.366469 0.028375 0.050445
2 0.196958 0.250000 0.033383 0.063798
4 0.209060 0.378338 0.027541 0.133531
4 0.739011 0.390208 0.054247 0.169139
3 0.829145 0.498516 0.045901 0.204748
3 0.612157 0.550445 0.075946 0.246291
3 0.706046 0.488872 0.045067 0.188427
3 0.373887 0.444362 0.056751 0.203264
3 0.348016 0.379080 0.056751 0.161721
3 0.247450 0.480712 0.039225 0.186944
3 0.287092 0.400593 0.030045 0.181009
