4 0.773229 0.538576 0.045901 0.195846
4 0.590875 0.363501 0.035052 0.133531
4 0.063845 0.410979 0.040894 0.169139
0 0.233262 0.304896 0.012519 0.022255
3 0.234931 0.388724 0.029210 0.136499
3 0.286675 0.412463 0.052578 0.121662
2 0.577522 0.242582 0.033383 0.037092
3 0.325482 0.465134 0.063427 0.188427
3 0.533707 0.478487 0.064262 0.188427
3 0.482381 0.531899 0.063427 0.197329
3 0.392248 0.488872 0.033383 0.185460
3 0.421458 0.454748 0.030045 0.161721
3 0.456510 0.420623 0.025037 0.176558
3 0.429803 0.368694 0.038390 0.087537
