4 0.13645215133531155 0.6446587537091989 0.07427670623145399 0.23590504451038577
3 0.302531528189911 0.5793768545994066 0.09430637982195854 0.25370919881305637
3 0.10599035608308606 0.48961424332344217 0.045066765578635 0.18397626112759638
3 0.10181750741839764 0.36646884272997027 0.028375370919881304 0.05044510385756674
2 0.19695845697329378 0.25 0.03338278931750743 0.06379821958456976
4 0.20905971810089022 0.3783382789317507 0.027540801186943645 0.13353115727002965
4 0.7390114985163205 0.3902077151335312 0.054247032640949586 0.169139465875371
3 0.8291450296735906 0.4985163204747775 0.04590133531157264 0.20474777448071216
3 0.6121568991097923 0.5504451038575668 0.07594584569732944 0.2462908011869437
3 0.7060459940652819 0.48887240356083084 0.045066765578635 0.1884272997032641
3 0.37388724035608306 0.4443620178041543 0.05675074183976271 0.20326409495548958
3 0.34801557863501487 0.37908011869436203 0.056750741839762676 0.16172106824925817
3 0.24744992581602376 0.4807121661721068 0.03922477744807118 0.1869436201780416
3 0.2870919881305638 0.40059347181008903 0.030044510385756666 0.1810089020771514
