2 0.301486 0.348416 0.033050 0.068315
4 0.104285 0.673045 0.069674 0.315727
4 0.726007 0.362933 0.040196 0.184636
4 0.297972 0.419078 0.024118 0.094164
3 0.190099 0.560565 0.047342 0.273261
3 0.602666 0.424732 0.033050 0.227102
3 0.576540 0.398621 0.022331 0.162479
3 0.465826 0.398573 0.028584 0.083086
3 0.477471 0.467064 0.068780 0.208638
3 0.375091 0.471787 0.037517 0.171711
3 0.343286 0.477061 0.028584 0.210485
3 0.296480 0.510976 0.052702 0.190175
3 0.316067 0.456013 0.016079 0.145862
3 0.322699 0.558753 0.037517 0.254797
