2 0.305035 0.255193 0.035886 0.050445
0 0.306287 0.321958 0.018361 0.026706
4 0.485302 0.715134 0.092637 0.281899
4 0.830814 0.419139 0.040894 0.152819
4 0.237018 0.406528 0.041728 0.136499
3 0.274991 0.396884 0.035886 0.238872
3 0.213650 0.528932 0.041728 0.229970
3 0.175677 0.517062 0.049240 0.221068
3 0.315467 0.470326 0.043398 0.195846
3 0.397255 0.443620 0.026706 0.145401
3 0.428552 0.456231 0.029210 0.179525
3 0.461100 0.408754 0.032548 0.152819
3 0.607984 0.428042 0.037556 0.179525
3 0.543305 0.602374 0.055082 0.249258
3 0.501576 0.550445 0.046736 0.210682
