4 0.399110 0.596439 0.061758 0.267062
3 0.901103 0.377596 0.025872 0.129080
2 0.403283 0.244065 0.031714 0.051929
3 0.760850 0.467994 0.028501 0.184250
3 0.734681 0.447727 0.031092 0.176880
3 0.636222 0.519123 0.039383 0.218336
3 0.479466 0.465691 0.036792 0.183328
3 0.437751 0.453715 0.036274 0.188856
3 0.387226 0.422853 0.039902 0.162140
4 0.470916 0.384161 0.034201 0.138187
3 0.514445 0.394294 0.030056 0.154770
3 0.553828 0.399361 0.032129 0.152006
0 0.580515 0.443581 0.015028 0.028559
3 0.585438 0.410877 0.032129 0.143715
3 0.591139 0.445884 0.029019 0.154770
