4 0.756955 0.532641 0.055082 0.222552
4 0.033383 0.391691 0.033383 0.183976
2 0.550816 0.239614 0.035052 0.034125
4 0.592962 0.367211 0.029210 0.120178
3 0.610488 0.544510 0.072608 0.216617
3 0.554154 0.458457 0.041728 0.183976
3 0.205721 0.424332 0.042563 0.145401
3 0.284493 0.469837 0.035238 0.162140
3 0.253660 0.418247 0.037829 0.123447
3 0.315067 0.369421 0.043529 0.136345
0 0.276720 0.336256 0.011400 0.022110
3 0.367146 0.384621 0.036792 0.135423
3 0.425962 0.398440 0.033165 0.146478
3 0.402384 0.368960 0.027465 0.096731
3 0.395647 0.447266 0.054411 0.150163
