4 0.705295 0.603943 0.054098 0.344343
4 0.132853 0.315385 0.033361 0.194544
3 0.316969 0.424053 0.038771 0.243180
3 0.338734 0.353571 0.038771 0.151744
3 0.419380 0.379947 0.025246 0.128399
3 0.415281 0.442964 0.053197 0.208162
3 0.468992 0.412252 0.038771 0.233453
3 0.528963 0.439556 0.036967 0.217889
3 0.572079 0.512043 0.035164 0.252907
3 0.618754 0.557712 0.055000 0.301543
3 0.603454 0.415898 0.051394 0.231508
3 0.636397 0.421873 0.036066 0.196490
2 0.564064 0.321184 0.045984 0.058363
0 0.627491 0.313688 0.019836 0.040854
