4 0.079294 0.537065 0.071482 0.316976
4 0.793359 0.449002 0.030511 0.170417
2 0.324720 0.259594 0.033998 0.056238
4 0.312028 0.369321 0.031382 0.165305
0 0.514423 0.543508 0.020922 0.047717
3 0.386675 0.502940 0.034869 0.230063
3 0.684641 0.464904 0.045330 0.173825
3 0.539388 0.451706 0.031382 0.189163
3 0.400140 0.371280 0.027895 0.093729
3 0.410970 0.431140 0.033998 0.144855
3 0.484135 0.375256 0.022665 0.090321
3 0.476511 0.405306 0.044458 0.097138
3 0.451634 0.502955 0.048817 0.199388
3 0.487718 0.525509 0.058406 0.201092
