4 0.4206231454005935 0.6394658753709198 0.09347181008902077 0.30267062314540055
2 0.5295344955489614 0.24332344213649854 0.03254821958456979 0.04451038575667656
3 0.6230063056379822 0.45474777448071213 0.04089391691394667 0.1824925816023739
4 0.6826780415430267 0.40059347181008903 0.03672106824925819 0.17507418397626115
3 0.2357659495548962 0.40281899109792285 0.029209940652818994 0.15578635014836792
3 0.3334106083086054 0.39985163204747776 0.025871661721068265 0.14391691394658757
3 0.35833678171908856 0.39890049389408616 0.017100670711106148 0.14187223108473276
3 0.40471587349617955 0.3694205497725833 0.02591010713803968 0.16398218917585997
3 0.43088508170559964 0.40765235230515734 0.028501117851843533 0.16121844441446911
3 0.4635318166995296 0.444502282457036 0.03161033070840844 0.17964340949040833
3 0.4824461949102985 0.417786083096924 0.033164937136690824 0.19069838853597199
3 0.547480563826778 0.4279198138886906 0.03782875642153791 0.1722734234600326
