4 0.600890 0.596439 0.061758 0.267062
3 0.098897 0.377596 0.025872 0.129080
2 0.596717 0.244065 0.031714 0.051929
3 0.239150 0.467994 0.028501 0.184250
3 0.265319 0.447727 0.031092 0.176880
3 0.363778 0.519123 0.039383 0.218336
3 0.520534 0.465691 0.036792 0.183328
3 0.562249 0.453715 0.036274 0.188856
3 0.612774 0.422853 0.039902 0.162140
4 0.529084 0.384161 0.034201 0.138187
3 0.485555 0.394294 0.030056 0.154770
3 0.446172 0.399361 0.032129 0.152006
0 0.419485 0.443581 0.015028 0.028559
3 0.414562 0.410877 0.032129 0.143715
3 0.408861 0.445884 0.029019 0.154770
