2 0.945941 0.230426 0.055579 0.066975
4 0.560185 0.721854 0.094202 0.329851
4 0.068451 0.379445 0.060289 0.157391
3 0.155587 0.458978 0.051811 0.202599
3 0.222000 0.524278 0.101738 0.276271
3 0.263920 0.412933 0.066883 0.217668
3 0.428302 0.468187 0.060289 0.221017
3 0.339281 0.519255 0.125288 0.222691
3 0.351527 0.404561 0.063115 0.160740
3 0.555003 0.447257 0.057463 0.205948
0 0.574315 0.404561 0.016956 0.030139
4 0.678879 0.356841 0.052753 0.159065
3 0.617648 0.519255 0.060289 0.219343
3 0.643082 0.484931 0.045217 0.170786
3 0.596923 0.372748 0.020724 0.073672
