4 0.6008902077151336 0.5964391691394658 0.061758160237388754 0.2670623145400593
3 0.09889651335311572 0.37759643916913943 0.025871661721068247 0.12908011869436206
2 0.5967173590504451 0.24406528189910978 0.03171364985163208 0.051928783382789306
3 0.239150288884106 0.4679941129288586 0.02850111785184368 0.1842496507593932
3 0.2653194970935261 0.44772665134532547 0.031092128565647633 0.17687966472901756
3 0.3637779042180769 0.5191233910145903 0.03938336284982029 0.21833583614988086
3 0.5205340524032169 0.46569099229436617 0.036792352136016435 0.18332840250559612
3 0.5622493248954608 0.45371476499500557 0.03627414999325538 0.188855892028378
3 0.612774033814638 0.4228529484928073 0.03990156499258113 0.1621396926682659
4 0.5290843877587699 0.3841605218333347 0.034201341422212435 0.1381872380695448
3 0.4855554077668633 0.39429425262510137 0.030055724280125987 0.15476970663789028
3 0.44617204491704304 0.3993611180209847 0.03212853285116919 0.15200596187649937
0 0.41948463456486207 0.443581034203239 0.015027862140062994 0.02855869586770595
3 0.4145617142086346 0.41087672119344676 0.03212853285116914 0.14371472759232667
3 0.4088614906382659 0.4458841548377314 0.029019319994604446 0.15476970663789033
