2 0.305035237388724 0.2589020771513353 0.03087908011869441 0.05489614243323444
4 0.06342729970326409 0.6045994065281899 0.06509643916913949 0.2537091988130563
4 0.7531991839762611 0.39317507418397624 0.037555637982195834 0.14836795252225513
4 0.2941858308605341 0.3449554896142433 0.0225333827893175 0.07566765578635014
3 0.16566209198813056 0.4896142433234422 0.04423219584569733 0.21958456973293772
3 0.6163297477744807 0.435459940652819 0.030879080118694377 0.1824925816023739
3 0.5912926557863503 0.3961424332344214 0.020864243323442225 0.13056379821958458
3 0.47403560830860536 0.36572700296735905 0.026706231454005972 0.06676557863501487
3 0.47946031157270036 0.4532640949554896 0.06426186943620181 0.1676557863501484
3 0.37054896142433236 0.43100890207715137 0.03505192878338278 0.1379821958456973
3 0.3363316023738873 0.4287833827893175 0.026706231454005972 0.16913946587537082
3 0.28333642433234424 0.4577151335311572 0.049239614243323473 0.15281899109792285
3 0.3096253709198813 0.3954005934718101 0.015022255192878333 0.1172106824925816
3 0.3062870919881306 0.5237388724035609 0.03505192878338285 0.20474777448071216
