0 0.462120 0.313056 0.017526 0.035608
4 0.934904 0.382047 0.033383 0.149852
4 0.254729 0.603116 0.090134 0.316024
4 0.361554 0.384273 0.036721 0.136499
3 0.414132 0.420623 0.041728 0.143917
3 0.704562 0.396884 0.048405 0.129080
3 0.638329 0.451868 0.041542 0.178920
3 0.587151 0.535238 0.050535 0.219272
3 0.555674 0.520772 0.044968 0.169022
3 0.474517 0.414181 0.035974 0.143136
3 0.510278 0.456056 0.030407 0.173591
3 0.501712 0.439306 0.067238 0.179681
3 0.589935 0.401999 0.056959 0.100500
3 0.587794 0.363550 0.035546 0.079943
2 0.424147 0.250000 0.040059 0.054896
