2 0.883709 0.389284 0.052625 0.073607
4 0.534782 0.667705 0.089195 0.362514
4 0.153789 0.337363 0.057085 0.172976
3 0.220061 0.409238 0.049057 0.222661
3 0.270262 0.467331 0.096330 0.303629
3 0.311995 0.396093 0.063328 0.239223
3 0.443256 0.464645 0.057085 0.242903
3 0.366839 0.484805 0.118629 0.244743
3 0.384441 0.405878 0.059760 0.176657
3 0.548611 0.472557 0.054409 0.226341
0 0.567270 0.445820 0.016055 0.033123
4 0.656222 0.430815 0.049949 0.174817
3 0.595279 0.534711 0.057085 0.241063
3 0.618412 0.514994 0.042813 0.187698
3 0.587918 0.427373 0.019623 0.080968
