2 0.895076 0.261128 0.049240 0.059347
4 0.553320 0.696588 0.083457 0.292285
4 0.117674 0.393175 0.053412 0.139466
3 0.194872 0.463650 0.045901 0.179525
3 0.253709 0.521513 0.090134 0.244807
3 0.290848 0.422849 0.059254 0.192878
3 0.436480 0.471810 0.053412 0.195846
3 0.357613 0.517062 0.110998 0.197329
3 0.368463 0.415430 0.055916 0.142433
3 0.548730 0.453264 0.050909 0.182493
0 0.565838 0.415430 0.015022 0.026706
4 0.658476 0.373145 0.046736 0.140950
3 0.604228 0.517062 0.053412 0.194362
3 0.626762 0.486647 0.040059 0.151335
3 0.585868 0.387240 0.018361 0.065282
