4 0.728519 0.441231 0.061063 0.314664
4 0.078775 0.573152 0.037008 0.260122
2 0.511199 0.305694 0.038858 0.048248
4 0.564254 0.379744 0.032382 0.169918
3 0.602143 0.495594 0.080492 0.306273
3 0.541993 0.454464 0.046260 0.260122
3 0.233411 0.541095 0.047185 0.205580
3 0.307987 0.547381 0.039064 0.229248
3 0.274493 0.521795 0.041937 0.174541
3 0.321891 0.468983 0.048256 0.192776
0 0.284183 0.458383 0.012638 0.031261
3 0.369300 0.462949 0.040788 0.191474
3 0.422416 0.453843 0.036766 0.207104
3 0.398073 0.441103 0.030447 0.136767
3 0.402166 0.496840 0.060320 0.212314
