2 0.527865356083086 0.24258160237388723 0.03421735905044514 0.040059347181008925
4 0.549146884272997 0.5541543026706232 0.06843471810089014 0.2596439169139466
3 0.3201539462946452 0.44474763728703365 0.043759735372936426 0.18247523639172186
3 0.48602264912368 0.4450336486293405 0.03571566637055845 0.17847107759942696
0 0.4456414227317423 0.40556408339100564 0.010939933843234044 0.021736862015314815
3 0.3552260871450133 0.35951625727961506 0.016731663524946257 0.0932396975920084
3 0.36005252854644026 0.41185633292175466 0.023810444247038945 0.15673421558411213
3 0.400755517698473 0.4684865786984959 0.022845155966753624 0.18190321370710827
4 0.3882067700547633 0.3623763707026828 0.022201630446563383 0.07607901705360191
3 0.4105692818813742 0.326624952914336 0.014801086964375614 0.045761814769083885
3 0.4348623702685558 0.4121423442640614 0.022201630446563314 0.15044196605336319
3 0.4609251538362606 0.41700453708327656 0.01769695180523158 0.17046276001483732
4 0.4371147095892216 0.3220487714374276 0.019627528365802435 0.05377013235367361
