2 0.335189 0.239203 0.032585 0.054822
4 0.831886 0.390356 0.034346 0.144104
4 0.089292 0.616077 0.078797 0.313462
4 0.295008 0.343804 0.034286 0.077028
3 0.280572 0.457741 0.031880 0.182942
3 0.490498 0.405854 0.052331 0.145498
3 0.606589 0.541724 0.053534 0.246062
3 0.556965 0.443834 0.046918 0.195780
3 0.590649 0.400505 0.031278 0.143358
0 0.352151 0.359316 0.016241 0.033165
3 0.408994 0.412273 0.054136 0.192571
3 0.396362 0.432065 0.050527 0.193640
3 0.344933 0.462021 0.042707 0.187221
3 0.333805 0.349153 0.022857 0.064190
3 0.319971 0.447043 0.033684 0.193640
