4 0.731237 0.527943 0.056250 0.292167
4 0.046501 0.487533 0.038672 0.229185
3 0.319316 0.453284 0.033240 0.151095
3 0.580936 0.410109 0.041178 0.189610
2 0.557292 0.273358 0.036713 0.049378
0 0.408087 0.346746 0.015380 0.027651
4 0.473529 0.350140 0.028279 0.106655
3 0.455860 0.440204 0.039690 0.146157
3 0.415161 0.457331 0.017860 0.176771
3 0.429516 0.449944 0.023814 0.202448
3 0.497062 0.383002 0.027783 0.157020
3 0.510365 0.410782 0.040186 0.182697
3 0.531191 0.416244 0.016868 0.195535
3 0.548082 0.423431 0.023318 0.203435
