4 0.160806 0.674845 0.077700 0.272274
3 0.315799 0.595663 0.098653 0.292823
3 0.124358 0.545238 0.047144 0.212339
3 0.114471 0.439542 0.029683 0.058222
2 0.199463 0.325946 0.034922 0.073634
4 0.217148 0.435032 0.028810 0.154117
4 0.722295 0.372375 0.056747 0.195215
3 0.813314 0.453442 0.048017 0.236313
3 0.609209 0.528104 0.079446 0.284261
3 0.695646 0.462053 0.047144 0.217477
3 0.377254 0.469335 0.059367 0.234601
3 0.349486 0.416558 0.059367 0.186653
3 0.258616 0.518096 0.041033 0.215764
3 0.292513 0.443504 0.031429 0.208914
