1 1 0.47993827187500004 0.6223958328125 0.45987654375 0.6267361109375 0.45216049375 0 0.5339506171874999 0.8541666671874999 1 1 1 1 0.47993827187500004
2 0.4390625 0.18984375 0.090625 0.1234375
4 0.20234375 0.4453125 0.02578125 0.16171875
4 0.95234375 0.4203125 0.0625 0.16484375
3 0.3734375 0.42734375 0.0375 0.19453125
3 0.45 0.4453125 0.06484375 0.16484375
3 0.40859375 0.465625 0.03671875 0.115625
3 0.48359375 0.41328125 0.0328125 0.18515625
3 0.5171875 0.42109375 0.028125 0.1484375
3 0.5640625 0.42734375 0.0515625 0.1234375
3 0.6203125 0.4265625 0.046875 0.15625
3 0.7609375 0.40703125 0.04765625 0.1359375
3 0.8328125 0.4390625 0.065625 0.2359375