1 1 0.5169753078125 0.4314236109375 0.4675925921875 0 0.5246913578125 0 0.99691358125 0.31336805624999997 1 1 0.594135803125 1 0.5169753078125
3 0.50703125 0.49140625 0.0953125 0.31015625
3 0.76640625 0.42890625 0.04453125 0.246875
3 0.69609375 0.4140625 0.0515625 0.17421875
3 0.36171875 0.45 0.0703125 0.2453125
3 0.30625 0.45 0.03828125 0.2484375
3 0.2609375 0.45859375 0.0546875 0.21875
3 0.0953125 0.4578125 0.10703125 0.2703125
0 0.68046875 0.42109375 0.021875 0.04609375
2 0.61484375 0.17734375 0.08671875 0.0984375
4 0.52421875 0.4078125 0.02578125 0.140625