1 1 0.48148148125 0.504340278125 0.456790121875 0 0.543209878125 0 0.663580246875 0.7482638890625 1 1 1 1 0.48148148125
2 0.328125 0.19296875 0.0921875 0.1328125
4 0.07265625 0.45078125 0.02890625 0.17890625
4 0.9765625 0.41484375 0.04140625 0.1265625
3 0.28359375 0.44140625 0.0484375 0.19453125
3 0.35859375 0.45859375 0.034375 0.17578125
3 0.40625 0.43671875 0.05 0.17265625
3 0.490625 0.4140625 0.03125 0.16484375
3 0.5265625 0.415625 0.034375 0.1375
3 0.61796875 0.42578125 0.06875 0.17265625
3 0.68046875 0.42109375 0.05390625 0.16015625
3 0.8890625 0.43046875 0.0859375 0.271875
3 0.78125 0.4125 0.03984375 0.14375
3 0.31953125 0.42890625 0.03671875 0.16015625
0 0.57734375 0.3375 0.015625 0.03203125