1 1 0.527777778125 0.5164930562500001 0.4675925921875 0 0.546296296875 0 1 0.3958333328125 1 1 0.67283950625 1 0.527777778125
2 0.69453125 0.17421875 0.08671875 0.1140625
4 0.9609375 0.42109375 0.0296875 0.16953125
3 0.6109375 0.41875 0.04609375 0.19609375
3 0.39375 0.47578125 0.06328125 0.2734375
3 0.2046875 0.453125 0.02890625 0.2265625
3 0.36171875 0.38359375 0.0234375 0.05390625
3 0.71875 0.421875 0.0609375 0.18359375
3 0.7625 0.434375 0.03671875 0.20859375
3 0.7921875 0.4234375 0.0390625 0.19609375
3 0.82734375 0.4109375 0.04453125 0.21171875