1 1 0.47067901093750003 0.4861111109375 0.44290123281250005 0 0.5246913578125 0 0.6805555562500001 0.7526041671875 1 1 1 1 0.47067901093750003
4 0.0375 0.434375 0.03359375 0.18359375
2 0.27265625 0.1703125 0.1015625 0.1375
0 0.60390625 0.40625 0.01796875 0.04296875
3 0.39375 0.4578125 0.0703125 0.34140625
3 0.32265625 0.42890625 0.05234375 0.23125
3 0.26796875 0.428125 0.034375 0.2484375
3 0.5203125 0.4015625 0.03125 0.17265625
3 0.54296875 0.41953125 0.01328125 0.1359375
3 0.63046875 0.40625 0.03359375 0.1375
3 0.6765625 0.40859375 0.04375 0.16015625
3 0.7328125 0.4234375 0.06796875 0.18984375
3 0.83125 0.42734375 0.09296875 0.21640625