3 0.64609375 0.4125 0.034375 0.153125
3 0.54375 0.4109375 0.03125 0.153125
3 0.4875 0.45078125 0.03984375 0.28671875
3 0.45234375 0.42421875 0.0296875 0.17578125
1 0.23177083281250002 1 0.871527778125 0.581790121875 0.9279513890625 0.546296296875 0.9444444437499999 0.5339506171874999 0.29440827187499996 0.471452771875 0 0.5253901640625 0 1 0.23177083281250002 1
3 0.3609375 0.48515625 0.07265625 0.2546875
3 0.38515625 0.43359375 0.04765625 0.17890625
3 0.31484375 0.45078125 0.034375 0.20078125
3 0.12890625 0.440625 0.025 0.21796875
4 0.021875 0.58671875 0.04375 0.4046875
3 0.034375 0.45546875 0.0375 0.21875
4 0.20234375 0.42578125 0.0265625 0.1296875
2 0.49375 0.1828125 0.0734375 0.115625