1 0.20225694375 1 0.957465278125 0.530864196875 0.3385416671875 0.47222222187499996 0 0.535493828125 0 1 0.20225694375 1
2 0.5015625 0.1890625 0.0828125 0.09375
3 0.60703125 0.43125 0.0484375 0.2421875
3 0.62421875 0.421875 0.028125 0.1125
3 0.490625 0.425 0.0453125 0.1375
3 0.5234375 0.40546875 0.02109375 0.15
3 0.43515625 0.4734375 0.06875 0.225
3 0.365625 0.4390625 0.0421875 0.15625
3 0.2765625 0.45078125 0.0515625 0.18828125
3 0.22890625 0.4328125 0.03828125 0.20859375
3 0.1890625 0.44609375 0.03671875 0.17890625
4 0.32578125 0.425 0.02421875 0.115625