3 0.5921875 0.4390625 0.03046875 0.10625
3 0.55 0.41640625 0.0359375 0.15703125
3 0.43046875 0.4328125 0.03203125 0.16171875
3 0.4671875 0.41796875 0.02890625 0.19765625
3 0.35 0.465625 0.0703125 0.353125
3 0.27890625 0.4265625 0.053125 0.21171875
3 0.1671875 0.4578125 0.03125 0.2640625
3 0.22734375 0.50390625 0.06015625 0.33203125
4 0.04609375 0.43984375 0.0265625 0.1515625
2 0.509375 0.1796875 0.0859375 0.1
0 0.4859375 0.196875 0.01328125 0.0234375
1 0.19097222187500001 1 0.9583333328125001 0.530864196875 0.3489583328125 0.46913580312500003 0 0.523148146875 0 1 0.19097222187500001 1