1 1 0.51851851875 0.5147569437499999 0.46141975312500005 0 0.538580246875 0 1 0.3489583328125 1 1 0.6543209890624999 1 0.51851851875
3 0.32578125 0.50546875 0.10078125 0.378125
3 0.2171875 0.459375 0.05546875 0.2703125
3 0.10625 0.51015625 0.0703125 0.34375
3 0.01640625 0.4828125 0.03203125 0.275
3 0.140625 0.4875 0.059375 0.3734375
3 0.07578125 0.38515625 0.0234375 0.134375
3 0.85078125 0.4375 0.04765625 0.2609375
3 0.79453125 0.40625 0.028125 0.17734375
4 0.60546875 0.41484375 0.03203125 0.1421875
2 0.7 0.17109375 0.09921875 0.1109375
0 0.7984375 0.31953125 0.01796875 0.03984375