1 1 0.4737654328125 0.5876736109375 0.43209876718749995 0 0.5262345671875 0.8541666671874999 1 1 1 1 0.4737654328125
2 0.41484375 0.1671875 0.08125 0.13125
4 0.146875 0.4203125 0.0265625 0.16796875
3 0.35234375 0.39296875 0.04453125 0.14375
0 0.340625 0.39609375 0.00859375 0.0265625
3 0.39609375 0.44375 0.05703125 0.28828125
3 0.4609375 0.4109375 0.03828125 0.20546875
3 0.434375 0.390625 0.015625 0.1390625
3 0.60078125 0.40234375 0.0328125 0.146875
3 0.62734375 0.4015625 0.046875 0.25625
3 0.71015625 0.40703125 0.05390625 0.20390625
3 0.66796875 0.39921875 0.0265625 0.18984375
3 0.64921875 0.365625 0.01484375 0.1390625