4 0.27890625 0.65625 0.18203125 0.628125
1 1 0.49845678906249996 0.47222222187499996 0.44753086406250003 0 0.5339506171874999 0 1 0.29340277812500004 1 1 0.594135803125 1 0.49845678906249996
3 0.15078125 0.4296875 0.0546875 0.18984375
3 0.425 0.42890625 0.03984375 0.2375
3 0.45 0.4171875 0.0578125 0.2203125
3 0.5671875 0.428125 0.07109375 0.19609375
3 0.56328125 0.44296875 0.03671875 0.2375
3 0.81015625 0.4265625 0.0546875 0.2390625
3 0.74375 0.4015625 0.04375 0.17265625
3 0.525 0.425 0.025 0.140625
2 0.65390625 0.1578125 0.10390625 0.115625
0 0.7421875 0.39296875 0.02265625 0.0296875