3 0.49765625 0.35390625 0.03828125 0.2328125
3 0.45234375 0.34765625 0.02890625 0.2265625
3 0.29765625 0.43515625 0.04140625 0.19765625
3 0.240625 0.46171875 0.03203125 0.21640625
3 0.025 0.50546875 0.04375 0.35
1 1 0.476851853125 0 0.523148146875 0 1 1 1 1 0.476851853125
3 0.053125 0.52421875 0.0296875 0.29140625
3 0.66953125 0.42265625 0.040625 0.19453125
3 0.76015625 0.4546875 0.0765625 0.31015625
3 0.721875 0.42890625 0.02421875 0.21015625
0 0.62265625 0.09296875 0.02265625 0.03125
4 0.46953125 0.47421875 0.03671875 0.2671875