1 1 0.4830246921875 0.5677083328125 0.4506172828125 0 0.5416666671875 0 0.601851853125 0.8020833328125001 1 1 1 1 0.4830246921875
4 0.13046875 0.4359375 0.03046875 0.17109375
3 0.85703125 0.415625 0.0453125 0.14375
3 0.76640625 0.409375 0.04765625 0.13125
3 0.6625 0.428125 0.04375 0.16796875
3 0.6890625 0.40234375 0.03359375 0.19296875
3 0.596875 0.39921875 0.015625 0.140625
3 0.61640625 0.4140625 0.03671875 0.17421875
3 0.5453125 0.41875 0.0203125 0.134375
3 0.57578125 0.415625 0.0328125 0.16484375
3 0.38984375 0.4421875 0.0390625 0.19609375
3 0.41328125 0.44140625 0.06328125 0.23125
2 0.37890625 0.18359375 0.0875 0.1265625