1 1 0.4861111109375 0.519097221875 0.44753086406250003 0 0.5169753078125 0 1 0.30555555624999997 1 1 0.6311728390625 1 0.4861111109375
3 0.3296875 0.4265625 0.07109375 0.2671875
3 0.04453125 0.4515625 0.0890625 0.34140625
3 0.16328125 0.4296875 0.06015625 0.19921875
3 0.45 0.41171875 0.046875 0.21875
3 0.590625 0.39921875 0.04140625 0.18984375
3 0.78984375 0.42265625 0.06015625 0.234375
3 0.7296875 0.4203125 0.05234375 0.2671875
3 0.68125 0.340625 0.02265625 0.06640625
4 0.640625 0.521875 0.08125 0.46640625
2 0.69453125 0.1484375 0.0890625 0.1015625