1 0.238715278125 1 0.973090278125 0.527777778125 0.3298611109375 0.46913580312500003 0 0.527777778125 0 1 0.238715278125 1
2 0.50859375 0.1796875 0.09140625 0.128125
3 0.5453125 0.4671875 0.053125 0.2484375
3 0.2078125 0.55546875 0.1125 0.32734375
3 0.10625 0.4640625 0.06171875 0.2484375
3 0.334375 0.42734375 0.02578125 0.1296875
3 0.36328125 0.4078125 0.0234375 0.14375
3 0.5140625 0.41015625 0.0234375 0.1171875
3 0.14453125 0.45625 0.009375 0.20859375
3 0.16953125 0.46171875 0.03046875 0.21328125
0 0.5125 0.39375 0.01484375 0.028125