3 0.1890625 0.43046875 0.02890625 0.18828125
3 0.3421875 0.38125 0.05546875 0.2625
3 0.37578125 0.4046875 0.03828125 0.1265625
1 1 0.48919753125 0.5130208328125 0.44290123281250005 0 0.512345678125 0 1 0.28993055624999997 1 1 0.6419753078125 1 0.48919753125
3 0.8140625 0.4671875 0.04609375 0.2515625
3 0.73828125 0.41796875 0.04609375 0.28125
3 0.6796875 0.409375 0.034375 0.20546875
3 0.553125 0.3765625 0.0296875 0.18828125
4 0.61171875 0.5359375 0.04921875 0.4859375
2 0.70234375 0.146875 0.0796875 0.1078125
0 0.40234375 0.06328125 0.01640625 0.03125